[85.391, 138.324, 141.874, 170.989, 171.166, 0, 0, 0, 0, 0, 0, 0, 0, 0, 0, 90.0, 270.0, 270.0, 270.0, 270.0, 178.568, 180.0, 181.432, 181.432, 181.432, 5.307, 4.556, 4.039, 4.039, 4.039, 0, 0, 0, 0, 0, 0, 0, 0, 0, 0, 189.011, 171.166, 231.139, -99, -99, -99, -99, -99, -99, -99, -99, -99, -99, -99, -99, 3, 3, 0, 3, 0]
[85.729, 136.733, 136.981, 167.784, 170.103, 0, 0, 0, 0, 0, 0, 0, 0, 0, 0, 90.0, 90.0, 90.0, 90.0, 90.0, 177.138, 178.568, 180.0, 180.0, 180.0, 5.307, 4.556, 4.039, 4.039, 4.039, 0, 0, 0, 0, 0, 0, 0, 0, 0, 0, 185.747, 170.103, 229.749, -99, -99, -99, -99, -99, -99, -99, -99, -99, -99, -99, -99, 3, 3, 0, 3, 0]
[9.334, 10.151, 12.216, 18.334, 52.451, 0, 0, 0, 0, 0, 0, 0, 0, 0, 0, 90.0, 90.0, 90.0, 90.0, 90.0, 0.0, 1.432, 2.862, 2.862, 2.862, 5.307, 4.556, 4.039, 4.039, 4.039, 0, 0, 0, 0, 0, 0, 0, 0, 0, 0, 355.63, 143.695, 319.726, -99, -99, -99, -99, -99, -99, -99, -99, -99, -99, -99, -99, 3, 3, 0, 3, 0]
[84.996, 139.726, 147.855, 172.236, 174.253, 0, 0, 0, 0, 0, 0, 0, 0, 0, 0, 270.0, 270.0, 270.0, 270.0, 270.0, 180.0, 181.432, 182.862, 182.862, 182.862, 5.307, 4.556, 4.039, 4.039, 4.039, 0, 0, 0, 0, 0, 0, 0, 0, 0, 0, 192.216, 172.236, 232.451, -99, -99, -99, -99, -99, -99, -99, -99, -99, -99, -99, -99, 3, 3, 0, 3, 0]
[4.37, 5.747, 6.816, 15.781, 49.749, 0, 0, 0, 0, 0, 0, 0, 0, 0, 0, 270.0, 270.0, 270.0, 270.0, 270.0, 0.0, 357.138, 358.568, 358.568, 358.568, 5.307, 4.556, 4.039, 4.039, 4.039, 0, 0, 0, 0, 0, 0, 0, 0, 0, 0, 350.666, 150.138, 316.981, -99, -99, -99, -99, -99, -99, -99, -99, -99, -99, -99, -99, 3, 3, 0, 3, 0]
[6.865, 8.491, 9.011, 17.066, 51.139, 0, 0, 0, 0, 0, 0, 0, 0, 0, 0, 33.85, 337.648, 337.648, 337.648, 337.648, 0.0, 1.432, 358.665, 358.665, 358.665, 5.307, 4.556, 4.039, 4.039, 4.039, 0, 0, 0, 0, 0, 0, 0, 0, 0, 0, 353.135, 146.798, 318.324, -99, -99, -99, -99, -99, -99, -99, -99, -99, -99, -99, -99, 3, 3, 0, 3, 0]
0, 3, 0]
[76.052, 124.573, 134.125, 166.39, 169.788, 0, 0, 0, 0, 0, 0, 0, 0, 0, 0, 20.644, 38.866, 38.866, 38.866, 38.866, 176.117, 178.665, 180.132, 180.132, 180.132, 5.307, 4.556, 4.039, 4.039, 4.039, 0, 0, 0, 0, 0, 0, 0, 0, 0, 0, 187.098, 169.788, 234.094, -99, -99, -99, -99, -99, -99, -99, -99, -99, -99, -99, -99, 3, 3, 0, 3, 0]
[10.269, 10.819, 13.907, 19.306, 56.472, 0, 0, 0, 0, 0, 0, 0, 0, 0, 0, 91.371, 157.648, 157.648, 157.648, 157.648, 0.132, 1.459, 2.978, 2.978, 2.978, 5.307, 4.556, 4.039, 4.039, 4.039, 0, 0, 0, 0, 0, 0, 0, 0, 0, 0, 355.02, 148.365, 316.665, -99, -99, -99, -99, -99, -99, -99, -99, -99, -99, -99, -99, 3, 3, 0, 3, 0]
[84.996, 139.726, 147.855, 172.236, 174.253, 0, 0, 0, 0, 0, 0, 0, 0, 0, 0, 218.866, 270.0, 270.0, 270.0, 270.0, 179.203, 181.432, 182.978, 182.978, 182.978, 5.307, 4.556, 4.039, 4.039, 4.039, 0, 0, 0, 0, 0, 0, 0, 0, 0, 0, 192.216, 172.236, 232.451, -99, -99, -99, -99, -99, -99, -99, -99, -99, -99, -99, -99, 3, 3, 0, 3, 0]
[3.391, 4.625, 6.359, 15.942, 53.08, 0, 0, 0, 0, 0, 0, 0, 0, 0, 0, 213.85, 271.371, 271.371, 271.371, 271.371, 356.117, 357.685, 359.203, 359.203, 359.203, 5.307, 4.556, 4.039, 4.039, 4.039, 0, 0, 0, 0, 0, 0, 0, 0, 0, 0, 348.234, 155.777, 313.358, -99, -99, -99, -99, -99, -99, -99, -99, -99, -99, -99, -99, 3, 3, 0, 3, 0]
[85.391, 138.324, 141.874, 170.989, 171.166, 0, 0, 0, 0, 0, 0, 0, 0, 0, 0, 90.0, 188.729, 188.729, 188.729, 188.729, 177.796, 180.0, 180.199, 180.199, 180.199, 5.307, 4.556, 4.039, 4.039, 4.039, 0, 0, 0, 0, 0, 0, 0, 0, 0, 0, 189.011, 171.166, 231.139, -99, -99, -99, -99, -99, -99, -99, -99, -99, -99, -99, -99, 3, 3, 0, 3, 0]
[66.91, 106.839, 130.982, 164.682, 169.189, 0, 0, 0, 0, 0, 0, 0, 0, 0, 0, 8.729, 20.215, 20.215, 20.215, 20.215, 176.134, 178.841, 178.9, 178.9, 178.9, 5.307, 4.556, 4.039, 4.039, 4.039, 0, 0, 0, 0, 0, 0, 0, 0, 0, 0, 189.115, 169.49, 238.957, -99, -99, -99, -99, -99, -99, -99, -99, -99, -99, -99, -99, 3, 3, 0, 3, 0]
[84.996, 139.726, 147.855, 172.236, 174.253, 0, 0, 0, 0, 0, 0, 0, 0, 0, 0, 200.215, 270.0, 270.0, 270.0, 270.0, 179.414, 181.432, 181.813, 181.813, 181.813, 5.307, 4.556, 4.039, 4.039, 4.039, 0, 0, 0, 0, 0, 0, 0, 0, 0, 0, 192.216, 172.236, 232.451, -99, -99, -99, -99, -99, -99, -99, -99, -99, -99, -99, -99, 3, 3, 0, 3, 0]

[6.865, 8.491, 9.011, 17.066, 51.139, 0, 0, 0, 0, 0, 0, 0, 0, 0, 0, 9.82, 358.97, 358.97, 358.97, 358.97, 0.0, 1.432, 359.041, 359.041, 359.041, 5.307, 4.556, 4.039, 4.039, 4.039, 0, 0, 0, 0, 0, 0, 0, 0, 0, 0, 353.135, 146.798, 318.324, -99, -99, -99, -99, -99, -99, -99, -99, -99, -99, -99, -99, 3, 3, 0, 3, 0]
[85.391, 138.324, 141.874, 170.989, 171.166, 0, 0, 0, 0, 0, 0, 0, 0, 0, 0, 90.0, 184.521, 184.521, 184.521, 184.521, 177.923, 180.0, 180.213, 180.213, 180.213, 5.307, 4.556, 4.039, 4.039, 4.039, 0, 0, 0, 0, 0, 0, 0, 0, 0, 0, 189.011, 171.166, 231.139, -99, -99, -99, -99, -99, -99, -99, -99, -99, -99, -99, -99, 3, 3, 0, 3, 0]
[58.671, 83.925, 127.454, 162.25, 168.203, 0, 0, 0, 0, 0, 0, 0, 0, 0, 0, 4.521, 12.529, 12.529, 12.529, 12.529, 176.158, 179.041, 179.06, 179.06, 179.06, 5.307, 4.556, 4.039, 4.039, 4.039, 0, 0, 0, 0, 0, 0, 0, 0, 0, 0, 192.003, 169.163, 244.28, -99, -99, -99, -99, -99, -99, -99, -99, -99, -99, -99, -99, 3, 3, 0, 3, 0]
[84.996, 139.726, 147.855, 172.236, 174.253, 0, 0, 0, 0, 0, 0, 0, 0, 0, 0, 192.529, 270.0, 270.0, 270.0, 270.0, 179.655, 181.432, 181.94, 181.94, 181.94, 5.307, 4.556, 4.039, 4.039, 4.039, 0, 0, 0, 0, 0, 0, 0, 0, 0, 0, 192.216, 172.236, 232.451, -99, -99, -99, -99, -99, -99, -99, -99, -99, -99, -99, -99, 3, 3, 0, 3, 0]
[5.557, 8.144, 8.466, 18.48, 63.409, 0, 0, 0, 0, 0, 0, 0, 0, 0, 0, 189.82, 266.358, 266.358, 266.358, 266.358, 356.158, 357.923, 359.655, 359.655, 359.655, 5.307, 4.556, 4.039, 4.039, 4.039, 0, 0, 0, 0, 0, 0, 0, 0, 0, 0, 346.016, 160.269, 306.724, -99, -99, -99, -99, -99, -99, -99, -99, -99, -99, -99, -99, 3, 3, 0, 3, 0]
[79.732, 140.361, 152.656, 173.377, 177.994, 0, 0, 0, 0, 0, 0, 0, 0, 0, 0, 203.96, 306.917, 306.917, 306.917, 306.917, 180.317, 183.165, 184.366, 184.366, 184.366, 5.307, 4.556, 4.039, 4.039, 4.039, 0, 0, 0, 0, 0, 0, 0, 0, 0, 0, 196.649, 173.377, 235.338, -99, -99, -99, -99, -99, -99, -99, -99, -99, -99, -99, -99, 3, 3, 0, 3, 0]
[6.865, 8.491, 9.011, 17.066, 51.139, 0, 0, 0, 0, 0, 0, 0, 0, 0, 0, 12.352, 359.232, 359.232, 359.232, 359.232, 1.432, 3.165, 359.041, 359.041, 359.041, 5.307, 4.556, 4.039, 4.039, 4.039, 0, 0, 0, 0, 0, 0, 0, 0, 0, 0, 353.135, 146.798, 318.324, -99, -99, -99, -99, -99, -99, -99, -99, -99, -99, -99, -99, 3, 3, 0, 3, 0]
[58.671, 83.925, 127.454, 162.25, 168.203, 0, 0, 0, 0, 0, 0, 0, 0, 0, 0, 12.529, 23.96, 23.96, 23.96, 23.96, 173.909, 178.968, 179.041, 179.041, 179.041, 5.307, 4.556, 4.039, 4.039, 4.039, 0, 0, 0, 0, 0, 0, 0, 0, 0, 0, 192.003, 169.163, 244.28, -99, -99, -99, -99, -99, -99, -99, -99, -99, -99, -99, -99, 3, 3, 0, 3, 0]
[11.882, 11.912, 19.485, 21.77, 70.151, 0, 0, 0, 0, 0, 0, 0, 0, 0, 0, 91.528, 179.232, 179.232, 179.232, 179.232, 2.087, 4.366, 358.968, 358.968, 358.968, 5.307, 4.556, 4.039, 4.039, 4.039, 0, 0, 0, 0, 0, 0, 0, 0, 0, 0, 349.087, 159.068, 304.402, -99, -99, -99, -99, -99, -99, -99, -99, -99, -99, -99, -99, 3, 3, 0, 3, 0]
[84.996, 139.726, 147.855, 172.236, 174.253, 0, 0, 0, 0, 0, 0, 0, 0, 0, 0, 126.917, 192.529, 192.529, 192.529, 192.529, 178.15, 181.432, 182.087, 182.087, 182.087, 5.307, 4.556, 4.039, 4.039, 4.039, 0, 0, 0, 0, 0, 0, 0, 0, 0, 0, 192.216, 172.236, 232.451, -99, -99, -99, -99, -99, -99, -99, -99, -99, -99, -99, -99, 3, 3, 0, 3, 0]
[3.111, 5.194, 7.03, 18.375, 67.959, 0, 0, 0, 0, 0, 0, 0, 0, 0, 0, 192.352, 271.528, 271.528, 271.528, 271.528, 0.317, 353.909, 358.15, 358.15, 358.15, 5.307, 4.556, 4.039, 4.039, 4.039, 0, 0, 0, 0, 0, 0, 0, 0, 0, 0, 340.825, 164.08, 301.939, -99, -99, -99, -99, -99, -99, -99, -99, -99, -99, -99, -99, 3, 3, 0, 3, 0]
[79.656, 144.51, 174.64, 175.939, 184.427, 0, 0, 0, 0, 0, 0, 0, 0, 0, 0, 208.744, 277.715, 277.715, 277.715, 277.715, 183.379, 185.846, 186.656, 186.656, 186.656, 5.307, 4.556, 4.039, 4.039, 4.039, 0, 0, 0, 0, 0, 0, 0, 0, 0, 0, 203.203, 175.939, 237.199, -99, -99, -99, -99, -99, -99, -99, -99, -99, -99, -99, -99, 3, 3, 0, 3, 0]
[5.835, 7.938, 7.939, 17.127, 54.249, 0, 0, 0, 0, 0, 0, 0, 0, 0, 0, 3.248, 13.348, 13.348, 13.348, 13.348, 0.541, 5.846, 357.921, 357.921, 357.921, 5.307, 4.556, 4.039, 4.039, 4.039, 0, 0, 0, 0, 0, 0, 0, 0, 0, 0, 350.633, 152.941, 314.556, -99, -99, -99, -99, -99, -99, -99, -99, -99, -99, -99, -99, 3, 3, 0, 3, 0]
[51.493, 61.624, 123.495, 158.527, 166.888, 0, 0, 0, 0, 0, 0, 0, 0, 0, 0, 8.486, 28.744, 28.744, 28.744, 28.744, 170.664, 175.504, 177.921, 177.921, 177.921, 5.307, 4.556, 4.039, 4.039, 4.039, 0, 0, 0, 0, 0, 0, 0, 0, 0, 0, 196.454, 168.801, 250.027, -99, -99, -99, -99, -99, -99, -99, -99, -99, -99, -99, -99, 3, 3, 0, 3, 0]
[7.802, 9.77, 14.543, 20.956, 74.119, 0, 0, 0, 0, 0, 0, 0, 0, 0, 0, 83.794, 183.248, 183.248, 183.248, 183.248, 6.656, 355.504, 359.707, 359.707, 359.707, 5.307, 4.556, 4.039, 4.039, 4.039, 0, 0, 0, 0, 0, 0, 0, 0, 0, 0, 341.487, 163.464, 299.056, -99, -99, -99, -99, -99, -99, -99, -99, -99, -99, -99, -99, 3, 3, 0, 3, 0]
[5.691, 18.253, 73.267, 167.3, 231.295, 0, 0, 0, 0, 0, 0, 0, 0, 0, 0, 193.348, 263.794, 263.794, 263.794, 263.794, 3.379, 350.664, 356.419, 356.419, 356.419, 5.307, 4.556, 4.039, 4.039, 4.039, 0, 0, 0, 0, 0, 0, 0, 0, 0, 0, 334.157, 167.3, 296.979, -99, -99, -99, -99, -99, -99, -99, -99, -99, -99, -99, -99, 3, 3, 0, 3, 0]
 3, 0]
[79.656, 144.51, 174.64, 175.939, 184.427, 0, 0, 0, 0, 0, 0, 0, 0, 0, 0, 208.744, 300.597, 300.597, 300.597, 300.597, 183.379, 184.418, 185.112, 185.112, 185.112, 5.307, 4.556, 4.039, 4.039, 4.039, 0, 0, 0, 0, 0, 0, 0, 0, 0, 0, 203.203, 175.939, 237.199, -99, -99, -99, -99, -99, -99, -99, -99, -99, -99, -99, -99, 3, 3, 0, 3, 0]
[4.421, 6.301, 7.222, 17.135, 57.778, 0, 0, 0, 0, 0, 0, 0, 0, 0, 0, 7.23, 12.13, 12.13, 12.13, 12.13, 3.202, 5.112, 356.257, 356.257, 356.257, 5.307, 4.556, 4.039, 4.039, 4.039, 0, 0, 0, 0, 0, 0, 0, 0, 0, 0, 347.458, 158.04, 310.465, -99, -99, -99, -99, -99, -99, -99, -99, -99, -99, -99, -99, 3, 3, 0, 3, 0]
[51.493, 61.624, 123.495, 158.527, 166.888, 0, 0, 0, 0, 0, 0, 0, 0, 0, 0, 21.32, 28.744, 28.744, 28.744, 28.744, 170.664, 170.932, 176.257, 176.257, 176.257, 5.307, 4.556, 4.039, 4.039, 4.039, 0, 0, 0, 0, 0, 0, 0, 0, 0, 0, 196.454, 168.801, 250.027, -99, -99, -99, -99, -99, -99, -99, -99, -99, -99, -99, -99, 3, 3, 0, 3, 0]
[1.893, 4.372, 7.219, 20.017, 78.833, 0, 0, 0, 0, 0, 0, 0, 0, 0, 0, 168.03, 187.23, 187.23, 187.23, 187.23, 1.914, 4.418, 350.932, 350.932, 350.932, 5.307, 4.556, 4.039, 4.039, 4.039, 0, 0, 0, 0, 0, 0, 0, 0, 0, 0, 331.874, 167.351, 293.777, -99, -99, -99, -99, -99, -99, -99, -99, -99, -99, -99, -99, 3, 3, 0, 3, 0]
[84.995, 143.461, 165.607, 174.762, 181.466, 0, 0, 0, 0, 0, 0, 0, 0, 0, 0, 120.597, 201.32, 201.32, 201.32, 201.32, 181.049, 181.914, 183.202, 183.202, 183.202, 5.307, 4.556, 4.039, 4.039, 4.039, 0, 0, 0, 0, 0, 0, 0, 0, 0, 0, 199.14, 174.762, 234.897, -99, -99, -99, -99, -99, -99, -99, -99, -99, -99, -99, -99, 3, 3, 0, 3, 0]
[79.656, 144.51, 174.64, 175.939, 184.427, 0, 0, 0, 0, 0, 0, 0, 0, 0, 0, 208.744, 300.597, 300.597, 300.597, 300.597, 181.806, 183.379, 184.414, 184.414, 184.414, 5.307, 4.556, 4.039, 4.039, 4.039, 0, 0, 0, 0, 0, 0, 0, 0, 0, 0, 203.203, 175.939, 237.199, -99, -99, -99, -99, -99, -99, -99, -99, -99, -99, -99, -99, 3, 3, 0, 3, 0]
[2.89, 4.387, 6.553, 17.274, 62.047, 0, 0, 0, 0, 0, 0, 0, 0, 0, 0, 10.696, 11.944, 11.944, 11.944, 11.944, 2.387, 4.414, 354.472, 354.472, 354.472, 5.307, 4.556, 4.039, 4.039, 4.039, 0, 0, 0, 0, 0, 0, 0, 0, 0, 0, 343.749, 162.029, 306.161, -99, -99, -99, -99, -99, -99, -99, -99, -99, -99, -99, -99, 3, 3, 0, 3, 0]
[51.493, 61.624, 123.495, 158.527, 166.888, 0, 0, 0, 0, 0, 0, 0, 0, 0, 0, 21.32, 28.744, 28.744, 28.744, 28.744, 165.381, 170.664, 174.472, 174.472, 174.472, 5.307, 4.556, 4.039, 4.039, 4.039, 0, 0, 0, 0, 0, 0, 0, 0, 0, 0, 196.454, 168.801, 250.027, -99, -99, -99, -99, -99, -99, -99, -99, -99, -99, -99, -99, 3, 3, 0, 3, 0]
[4.092, 18.923, 84.442, 170.784, 225.167, 0, 0, 0, 0, 0, 0, 0, 0, 0, 0, 191.944, 193.461, 193.461, 193.461, 193.461, 1.806, 345.381, 359.169, 359.169, 359.169, 5.307, 4.556, 4.039, 4.039, 4.039, 0, 0, 0, 0, 0, 0, 0, 0, 0, 0, 320.109, 170.784, 288.651, -99, -99, -99, -99, -99, -99, -99, -99, -99, -99, -99, -99, 3, 3, 0, 3, 0]
[5.691, 18.253, 73.267, 167.3, 231.295, 0, 0, 0, 0, 0, 0, 0, 0, 0, 0, 13.461, 190.696, 190.696, 190.696, 190.696, 1.049, 3.379, 350.664, 350.664, 350.664, 5.307, 4.556, 4.039, 4.039, 4.039, 0, 0, 0, 0, 0, 0, 0, 0, 0, 0, 334.157, 167.3, 296.979, -99, -99, -99, -99, -99, -99, -99, -99, -99, -99, -99, -99, 3, 3, 0, 3, 0]
3, 0]
[79.521, 148.966, 178.477, 190.058, 193.162, 0, 0, 0, 0, 0, 0, 0, 0, 0, 0, 217.7, 274.446, 274.446, 274.446, 274.446, 184.575, 187.774, 187.884, 187.884, 187.884, 5.307, 4.556, 4.039, 4.039, 4.039, 0, 0, 0, 0, 0, 0, 0, 0, 0, 0, 208.906, 178.477, 238.811, -99, -99, -99, -99, -99, -99, -99, -99, -99, -99, -99, -99, 3, 3, 0, 3, 0]
[0.851, 1.413, 5.76, 17.432, 67.002, 0, 0, 0, 0, 0, 0, 0, 0, 0, 0, 6.417, 16.562, 16.562, 16.562, 16.562, 1.452, 7.774, 352.331, 352.331, 352.331, 5.307, 4.556, 4.039, 4.039, 4.039, 0, 0, 0, 0, 0, 0, 0, 0, 0, 0, 339.035, 165.313, 301.593, -99, -99, -99, -99, -99, -99, -99, -99, -99, -99, -99, -99, 3, 3, 0, 3, 0]
[51.493, 61.624, 123.495, 158.527, 166.888, 0, 0, 0, 0, 0, 0, 0, 0, 0, 0, 21.32, 37.7, 37.7, 37.7, 37.7, 158.737, 170.664, 172.331, 172.331, 172.331, 5.307, 4.556, 4.039, 4.039, 4.039, 0, 0, 0, 0, 0, 0, 0, 0, 0, 0, 196.454, 168.801, 250.027, -99, -99, -99, -99, -99, -99, -99, -99, -99, -99, -99, -99, 3, 3, 0, 3, 0]
[0.315, 17.722, 91.159, 173.755, 223.074, 0, 0, 0, 0, 0, 0, 0, 0, 0, 0, 196.562, 200.449, 200.449, 200.449, 200.449, 4.575, 338.737, 356.047, 356.047, 356.047, 5.307, 4.556, 4.039, 4.039, 4.039, 0, 0, 0, 0, 0, 0, 0, 0, 0, 0, 306.69, 173.755, 283.72, -99, -99, -99, -99, -99, -99, -99, -99, -99, -99, -99, -99, 3, 3, 0, 3, 0]
[84.995, 143.461, 165.607, 174.762, 181.466, 0, 0, 0, 0, 0, 0, 0, 0, 0, 0, 94.446, 201.32, 201.32, 201.32, 201.32, 176.047, 181.049, 181.452, 181.452, 181.452, 5.307, 4.556, 4.039, 4.039, 4.039, 0, 0, 0, 0, 0, 0, 0, 0, 0, 0, 199.14, 174.762, 234.897, -99, -99, -99, -99, -99, -99, -99, -99, -99, -99, -99, -99, 3, 3, 0, 3, 0]
[79.21, 153.705, 180.982, 195.314, 199.748, 0, 0, 0, 0, 0, 0, 0, 0, 0, 0, 224.377, 268.62, 268.62, 268.62, 268.62, 190.382, 191.184, 192.173, 192.173, 192.173, 5.307, 4.556, 4.039, 4.039, 4.039, 0, 0, 0, 0, 0, 0, 0, 0, 0, 0, 213.822, 180.982, 240.219, -99, -99, -99, -99, -99, -99, -99, -99, -99, -99, -99, -99, 3, 3, 0, 3, 0]
[4.398, 17.315, 72.441, 168.387, 232.466, 0, 0, 0, 0, 0, 0, 0, 0, 0, 0, 13.231, 284.202, 284.202, 284.202, 284.202, 0.062, 11.184, 349.305, 349.305, 349.305, 5.307, 4.556, 4.039, 4.039, 4.039, 0, 0, 0, 0, 0, 0, 0, 0, 0, 0, 332.429, 168.387, 296.737, -99, -99, -99, -99, -99, -99, -99, -99, -99, -99, -99, -99, 3, 3, 0, 3, 0]
[18.808, 99.636, 174.714, 218.299, 221.167, 0, 0, 0, 0, 0, 0, 0, 0, 0, 0, 193.231, 196.738, 196.738, 196.738, 196.738, 10.382, 333.726, 354.834, 354.834, 354.834, 5.307, 4.556, 4.039, 4.039, 4.039, 0, 0, 0, 0, 0, 0, 0, 0, 0, 0, 293.125, 174.714, 278.654, -99, -99, -99, -99, -99, -99, -99, -99, -99, -99, -99, -99, 3, 3, 0, 3, 0]
[51.493, 61.624, 123.495, 158.527, 166.888, 0, 0, 0, 0, 0, 0, 0, 0, 0, 0, 21.32, 44.377, 44.377, 44.377, 44.377, 153.726, 169.305, 170.664, 170.664, 170.664, 5.307, 4.556, 4.039, 4.039, 4.039, 0, 0, 0, 0, 0, 0, 0, 0, 0, 0, 196.454, 168.801, 250.027, -99, -99, -99, -99, -99, -99, -99, -99, -99, -99, -99, -99, 3, 3, 0, 3, 0]
[5.691, 18.253, 73.267, 167.3, 231.295, 0, 0, 0, 0, 0, 0, 0, 0, 0, 0, 16.738, 104.202, 104.202, 104.202, 104.202, 1.049, 12.173, 350.664, 350.664, 350.664, 5.307, 4.556, 4.039, 4.039, 4.039, 0, 0, 0, 0, 0, 0, 0, 0, 0, 0, 334.157, 167.3, 296.979, -99, -99, -99, -99, -99, -99, -99, -99, -99, -99, -99, -99, 3, 3, 0, 3, 0]
0]
[79.291, 155.822, 182.039, 197.42, 202.309, 0, 0, 0, 0, 0, 0, 0, 0, 0, 0, 219.832, 267.196, 267.196, 267.196, 267.196, 192.69, 193.178, 193.923, 193.923, 193.923, 5.307, 4.556, 4.039, 4.039, 4.039, 0, 0, 0, 0, 0, 0, 0, 0, 0, 0, 215.677, 182.039, 240.742, -99, -99, -99, -99, -99, -99, -99, -99, -99, -99, -99, -99, 3, 3, 0, 3, 0]
[3.067, 17.421, 78.964, 170.75, 228.844, 0, 0, 0, 0, 0, 0, 0, 0, 0, 0, 11.561, 208.313, 208.313, 208.313, 208.313, 12.69, 344.864, 358.691, 358.691, 358.691, 5.307, 4.556, 4.039, 4.039, 4.039, 0, 0, 0, 0, 0, 0, 0, 0, 0, 0, 324.356, 170.75, 291.787, -99, -99, -99, -99, -99, -99, -99, -99, -99, -99, -99, -99, 3, 3, 0, 3, 0]
[44.369, 45.119, 119.234, 153.225, 165.646, 0, 0, 0, 0, 0, 0, 0, 0, 0, 0, 16.165, 39.832, 39.832, 39.832, 39.832, 139.633, 164.864, 170.349, 170.349, 170.349, 5.307, 4.556, 4.039, 4.039, 4.039, 0, 0, 0, 0, 0, 0, 0, 0, 0, 0, 205.043, 168.566, 256.17, -99, -99, -99, -99, -99, -99, -99, -99, -99, -99, -99, -99, 3, 3, 0, 3, 0]
, 0]
[84.995, 143.461, 165.607, 174.762, 181.466, 0, 0, 0, 0, 0, 0, 0, 0, 0, 0, 87.196, 196.165, 196.165, 196.165, 196.165, 172.964, 178.691, 181.049, 181.049, 181.049, 5.307, 4.556, 4.039, 4.039, 4.039, 0, 0, 0, 0, 0, 0, 0, 0, 0, 0, 199.14, 174.762, 234.897, -99, -99, -99, -99, -99, -99, -99, -99, -99, -99, -99, -99, 3, 3, 0, 3, 0]
[5.691, 18.253, 73.267, 167.3, 231.295, 0, 0, 0, 0, 0, 0, 0, 0, 0, 0, 15.273, 28.313, 28.313, 28.313, 28.313, 1.049, 13.923, 350.349, 350.349, 350.349, 5.307, 4.556, 4.039, 4.039, 4.039, 0, 0, 0, 0, 0, 0, 0, 0, 0, 0, 334.157, 167.3, 296.979, -99, -99, -99, -99, -99, -99, -99, -99, -99, -99, -99, -99, 3, 3, 0, 3, 0]
[44.369, 119.234, 153.225, 165.646, 168.566, 45.119, 45.119, 45.119, 45.119, 45.119, 0, 0, 0, 0, 0, 16.165, 39.832, 39.832, 39.832, 39.832, 125.508, 159.889, 166.154, 166.154, 166.154, 5.307, 4.556, 4.039, 4.039, 4.039, 4.556, 4.556, 4.556, 4.556, 4.556, 0, 0, 0, 0, 0, 205.043, 168.566, 256.17, -99, -99, 45.119, -99, -99, -99, -99, -99, -99, -99, -99, -99, 3, 3, 1, 3, 0]
[1.525, 86.387, 172.685, 225.73, 225.805, 0, 0, 0, 0, 0, 17.633, 17.633, 17.633, 17.633, 17.633, 11.004, 204.462, 204.462, 204.462, 204.462, 12.479, 339.889, 357.162, 357.162, 357.162, 5.307, 4.556, 4.039, 4.039, 4.039, 0, 0, 0, 0, 0, 4.556, 4.556, 4.556, 4.556, 4.556, 314.101, 172.685, 286.751, -99, -99, -99, -99, -99, -99, -99, 17.633, -99, -99, -99, -99, 3, 3, 0, 3, 1]
[116.282, 176.834, 207.092, 212.487, 216.92, 0, 0, 0, 0, 0, 20.669, 20.669, 20.669, 20.669, 20.669, 191.004, 193.966, 193.966, 193.966, 193.966, 13.203, 305.508, 350.192, 350.192, 350.192, 5.307, 4.556, 4.039, 4.039, 4.039, 0, 0, 0, 0, 0, 4.556, 4.556, 4.556, 4.556, 4.556, 262.445, 176.834, 268.673, -99, -99, -99, -99, -99, -99, -99, 20.669, -99, -99, -99, -99, 3, 3, 0, 3, 1]
[143.461, 165.607, 174.762, 181.466, 181.925, 84.995, 84.995, 84.995, 84.995, 84.995, 0, 0, 0, 0, 0, 87.196, 196.165, 196.165, 196.165, 196.165, 170.192, 177.162, 179.505, 179.505, 179.505, 5.307, 4.556, 4.039, 4.039, 4.039, 4.556, 4.556, 4.556, 4.556, 4.556, 0, 0, 0, 0, 0, 199.14, 174.762, 234.897, -99, -99, 84.995, -99, -99, -99, -99, -99, -99, -99, -99, -99, 3, 3, 1, 3, 0]
[4.163, 79.49, 169.964, 228.006, 230.257, 0, 0, 0, 0, 0, 18.193, 18.193, 18.193, 18.193, 18.193, 13.966, 24.462, 24.462, 24.462, 24.462, 13.497, 346.154, 359.505, 359.505, 359.505, 5.307, 4.556, 4.039, 4.039, 4.039, 0, 0, 0, 0, 0, 4.556, 4.556, 4.556, 4.556, 4.556, 325.679, 169.964, 291.916, -99, -99, -99, -99, -99, -99, -99, 18.193, -99, -99, -99, -99, 3, 3, 0, 3, 1]
[44.542, 124.768, 170.514, 171.126, 174.542, 45.286, 45.286, 45.286, 45.286, 45.286, 0, 0, 0, 0, 0, 22.271, 39.113, 39.113, 39.113, 39.113, 126.862, 163.481, 172.966, 172.966, 172.966, 5.307, 4.556, 4.039, 4.039, 4.039, 4.556, 4.556, 4.556, 4.556, 4.556, 0, 0, 0, 0, 0, 210.184, 171.126, 253.108, -99, -99, 45.286, -99, -99, -99, -99, -99, -99, -99, -99, -99, 3, 3, 1, 3, 0]
[94.541, 174.276, 221.213, 223.018, 253.829, 0, 0, 0, 0, 0, 17.983, 17.983, 17.983, 17.983, 17.983, 10.726, 199.281, 199.281, 199.281, 199.281, 1.426, 12.325, 343.481, 343.481, 343.481, 5.307, 4.556, 4.039, 4.039, 4.039, 0, 0, 0, 0, 0, 4.556, 4.556, 4.556, 4.556, 4.556, 301.409, 174.276, 281.684, -99, -99, -99, -99, -99, -99, -99, 17.983, -99, -99, -99, -99, 3, 3, 0, 3, 1]
[147.266, 177.285, 185.579, 187.267, 189.513, 82.992, 82.992, 82.992, 82.992, 82.992, 0, 0, 0, 0, 0, 85.178, 202.271, 202.271, 202.271, 202.271, 175.875, 181.426, 184.512, 184.512, 184.512, 5.307, 4.556, 4.039, 4.039, 4.039, 4.556, 4.556, 4.556, 4.556, 4.556, 0, 0, 0, 0, 0, 205.723, 177.285, 237.413, -99, -99, 82.992, -99, -99, -99, -99, -99, -99, -99, -99, -99, 3, 3, 1, 3, 0]
[123.974, 177.796, 203.752, 210.547, 215.293, 0, 0, 0, 0, 0, 21.786, 21.786, 21.786, 21.786, 21.786, 190.726, 193.794, 193.794, 193.794, 193.794, 13.235, 306.862, 355.875, 355.875, 355.875, 5.307, 4.556, 4.039, 4.039, 4.039, 0, 0, 0, 0, 0, 4.556, 4.556, 4.556, 4.556, 4.556, 249.846, 177.796, 263.967, -99, -99, -99, -99, -99, -99, -99, 21.786, -99, -99, -99, -99, 3, 3, 0, 3, 1]
[4.163, 79.49, 169.964, 228.006, 230.257, 0, 0, 0, 0, 0, 18.193, 18.193, 18.193, 18.193, 18.193, 13.794, 19.281, 19.281, 19.281, 19.281, 4.512, 13.497, 352.966, 352.966, 352.966, 5.307, 4.556, 4.039, 4.039, 4.039, 0, 0, 0, 0, 0, 4.556, 4.556, 4.556, 4.556, 4.556, 325.679, 169.964, 291.916, -99, -99, -99, -99, -99, -99, -99, 18.193, -99, -99, -99, -99, 3, 3, 0, 3, 1]
[103.015, 175.033, 216.643, 220.057, 220.487, 0, 0, 0, 0, 0, 19.349, 19.349, 19.349, 19.349, 19.349, 35.529, 194.549, 194.549, 194.549, 194.549, 7.683, 13.144, 349.381, 349.381, 349.381, 5.307, 4.556, 4.039, 4.039, 4.039, 0, 0, 0, 0, 0, 4.556, 4.556, 4.556, 4.556, 4.556, 287.028, 175.033, 276.613, -99, -99, -99, -99, -99, -99, -99, 19.349, -99, -99, -99, -99, 3, 3, 0, 3, 1]
[123.97, 180.686, 216.368, 217.568, 219.291, 0, 0, 0, 0, 0, 13.898, 13.898, 13.898, 13.898, 13.898, 203.938, 215.529, 215.529, 215.529, 215.529, 5.254, 321.436, 357.718, 357.718, 357.718, 5.307, 4.556, 4.039, 4.039, 4.039, 0, 0, 0, 0, 0, 4.556, 4.556, 4.556, 4.556, 4.556, 259.28, 180.686, 266.895, -99, -99, -99, -99, -99, -99, -99, 13.898, -99, -99, -99, -99, 3, 3, 0, 3, 1]
[151.483, 179.824, 192.92, 196.777, 201.066, 79.504, 79.504, 79.504, 79.504, 79.504, 0, 0, 0, 0, 0, 79.769, 209.689, 209.689, 209.689, 209.689, 177.718, 187.683, 189.452, 189.452, 189.452, 5.307, 4.556, 4.039, 4.039, 4.039, 4.556, 4.556, 4.556, 4.556, 4.556, 0, 0, 0, 0, 0, 211.619, 179.824, 239.575, -99, -99, 79.504, -99, -99, -99, -99, -99, -99, -99, -99, -99, 3, 3, 1, 3, 0]
[4.163, 79.49, 169.964, 228.006, 230.257, 0, 0, 0, 0, 0, 18.193, 18.193, 18.193, 18.193, 18.193, 14.549, 23.938, 23.938, 23.938, 23.938, 9.452, 13.497, 358.772, 358.772, 358.772, 5.307, 4.556, 4.039, 4.039, 4.039, 0, 0, 0, 0, 0, 4.556, 4.556, 4.556, 4.556, 4.556, 325.679, 169.964, 291.916, -99, -99, -99, -99, -99, -99, -99, 18.193, -99, -99, -99, -99, 3, 3, 0, 3, 1]
[155.356, 182.002, 197.6, 202.64, 203.983, 71.163, 217.334, 217.334, 217.334, 217.334, 0, 0, 0, 0, 0, 6.802, 218.999, 218.999, 218.999, 218.999, 178.119, 193.597, 193.95, 193.95, 193.95, 5.307, 4.556, 4.039, 4.039, 4.039, 4.556, 4.039, 4.039, 4.039, 4.039, 0, 0, 0, 0, 0, 216.2, 182.002, 241.281, -99, -99, 71.163, 217.334, -99, -99, -99, -99, -99, -99, -99, -99, 3, 3, 2, 3, 0]
[111.262, 175.887, 208.548, 213.334, 217.676, 0, 0, 0, 0, 0, 20.684, 356.805, 356.805, 356.805, 356.805, 78.528, 192.909, 192.909, 192.909, 192.909, 13.793, 13.95, 344.856, 344.856, 344.856, 5.307, 4.556, 4.039, 4.039, 4.039, 0, 0, 0, 0, 0, 4.556, 4.039, 4.039, 4.039, 4.039, 271.05, 175.887, 271.539, -99, -99, -99, -99, -99, -99, -99, 20.684, 356.805, -99, -99, -99, 3, 3, 0, 3, 2]
[123.964, 183.781, 222.141, 223.237, 230.988, 0, 0, 0, 0, 0, 6.729, 331.184, 331.184, 331.184, 331.184, 214.754, 258.528, 258.528, 258.528, 258.528, 317.78, 358.119, 358.327, 358.327, 358.327, 5.307, 4.556, 4.039, 4.039, 4.039, 0, 0, 0, 0, 0, 4.556, 4.039, 4.039, 4.039, 4.039, 266.372, 183.781, 269.475, -99, -99, -99, -99, -99, -99, -99, 6.729, 331.184, -99, -99, -99, 3, 3, 0, 3, 2]
[79.49, 169.964, 228.006, 230.257, 291.916, 0, 0, 0, 0, 0, 4.163, 18.193, 18.193, 18.193, 18.193, 12.909, 34.754, 34.754, 34.754, 34.754, 13.497, 13.597, 358.772, 358.772, 358.772, 5.307, 4.556, 4.039, 4.039, 4.039, 0, 0, 0, 0, 0, 4.556, 4.039, 4.039, 4.039, 4.039, 325.679, 169.964, 291.916, -99, -99, -99, -99, -99, -99, -99, 18.193, 4.163, -99, -99, -99, 3, 3, 0, 3, 2]
[119.247, 177.0, 204.517, 211.284, 215.996, 0, 0, 0, 0, 0, 21.58, 352.328, 352.328, 352.328, 352.328, 112.315, 193.128, 193.128, 193.128, 193.128, 13.763, 13.943, 336.133, 336.133, 336.133, 5.307, 4.556, 4.039, 4.039, 4.039, 0, 0, 0, 0, 0, 4.556, 4.039, 4.039, 4.039, 4.039, 256.708, 177.0, 266.694, -99, -99, -99, -99, -99, -99, -99, 21.58, 352.328, -99, -99, -99, 3, 3, 0, 3, 2]
[123.955, 187.084, 227.097, 227.753, 242.752, 0, 0, 0, 0, 0, 0.375, 326.676, 326.676, 326.676, 326.676, 225.518, 292.315, 292.315, 292.315, 292.315, 315.375, 352.098, 352.42, 352.42, 352.42, 5.307, 4.556, 4.039, 4.039, 4.039, 0, 0, 0, 0, 0, 4.556, 4.039, 4.039, 4.039, 4.039, 271.746, 187.084, 271.757, -99, -99, -99, -99, -99, -99, -99, 0.375, 326.676, -99, -99, -99, 3, 3, 0, 3, 2]
[79.49, 169.964, 228.006, 230.257, 291.916, 0, 0, 0, 0, 0, 4.163, 18.193, 18.193, 18.193, 18.193, 13.128, 45.518, 45.518, 45.518, 45.518, 13.497, 13.597, 358.772, 358.772, 358.772, 5.307, 4.556, 4.039, 4.039, 4.039, 0, 0, 0, 0, 0, 4.556, 4.039, 4.039, 4.039, 4.039, 325.679, 169.964, 291.916, -99, -99, -99, -99, -99, -99, -99, 18.193, 4.163, -99, -99, -99, 3, 3, 0, 3, 2]
[126.671, 177.987, 202.223, 209.617, 214.53, 0, 0, 0, 0, 0, 22.749, 344.967, 344.967, 344.967, 344.967, 128.796, 193.274, 193.274, 193.274, 193.274, 13.723, 13.933, 321.907, 321.907, 321.907, 5.307, 4.556, 4.039, 4.039, 4.039, 0, 0, 0, 0, 0, 4.556, 4.039, 4.039, 4.039, 4.039, 245.272, 177.987, 262.091, -99, -99, -99, -99, -99, -99, -99, 22.749, 344.967, -99, -99, -99, 3, 3, 0, 3, 2]
[123.942, 190.592, 230.84, 233.108, 252.373, 0, 0, 0, 0, 0, 323.4, 354.836, 354.836, 354.836, 354.836, 235.523, 308.796, 308.796, 308.796, 308.796, 313.677, 347.03, 347.424, 347.424, 347.424, 5.307, 4.556, 4.039, 4.039, 4.039, 0, 0, 0, 0, 0, 4.556, 4.039, 4.039, 4.039, 4.039, 275.89, 190.592, 273.783, -99, -99, -99, -99, -99, -99, -99, 354.836, 323.4, -99, -99, -99, 3, 3, 0, 3, 2]
[79.49, 169.964, 228.006, 230.257, 291.916, 0, 0, 0, 0, 0, 4.163, 18.193, 18.193, 18.193, 18.193, 13.274, 55.523, 55.523, 55.523, 55.523, 13.497, 13.597, 358.772, 358.772, 358.772, 5.307, 4.556, 4.039, 4.039, 4.039, 0, 0, 0, 0, 0, 4.556, 4.039, 4.039, 4.039, 4.039, 325.679, 169.964, 291.916, -99, -99, -99, -99, -99, -99, -99, 18.193, 4.163, -99, -99, -99, 3, 3, 0, 3, 2]
[133.374, 178.868, 200.746, 208.238, 213.239, 0, 0, 0, 0, 0, 24.341, 331.38, 331.38, 331.38, 331.38, 137.142, 193.378, 193.378, 193.378, 193.378, 13.667, 13.919, 299.18, 299.18, 299.18, 5.307, 4.556, 4.039, 4.039, 4.039, 0, 0, 0, 0, 0, 4.556, 4.039, 4.039, 4.039, 4.039, 236.587, 178.868, 257.767, -99, -99, -99, -99, -99, -99, -99, 24.341, 331.38, -99, -99, -99, 3, 3, 0, 3, 2]
[123.916, 194.295, 234.441, 238.139, 259.984, 0, 0, 0, 0, 0, 320.927, 350.048, 350.048, 350.048, 350.048, 244.327, 317.142, 317.142, 317.142, 317.142, 312.418, 342.768, 343.205, 343.205, 343.205, 5.307, 4.556, 4.039, 4.039, 4.039, 0, 0, 0, 0, 0, 4.556, 4.039, 4.039, 4.039, 4.039, 279.152, 194.295, 275.589, -99, -99, -99, -99, -99, -99, -99, 350.048, 320.927, -99, -99, -99, 3, 3, 0, 3, 2]
[79.49, 169.964, 228.006, 230.257, 291.916, 0, 0, 0, 0, 0, 4.163, 18.193, 18.193, 18.193, 18.193, 13.378, 64.327, 64.327, 64.327, 64.327, 13.497, 13.597, 358.772, 358.772, 358.772, 5.307, 4.556, 4.039, 4.039, 4.039, 0, 0, 0, 0, 0, 4.556, 4.039, 4.039, 4.039, 4.039, 325.679, 169.964, 291.916, -99, -99, -99, -99, -99, -99, -99, 18.193, 4.163, -99, -99, -99, 3, 3, 0, 3, 2]
[139.299, 179.66, 199.718, 207.078, 210.063, 0, 0, 0, 0, 0, 26.63, 304.397, 304.397, 304.397, 304.397, 141.985, 193.455, 193.455, 193.455, 193.455, 13.582, 13.897, 270.718, 270.718, 270.718, 5.307, 4.556, 4.039, 4.039, 4.039, 0, 0, 0, 0, 0, 4.556, 4.039, 4.039, 4.039, 4.039, 230.048, 179.66, 253.742, -99, -99, -99, -99, -99, -99, -99, 26.63, 304.397, -99, -99, -99, 3, 3, 0, 3, 2]
[123.85, 198.179, 237.881, 242.804, 265.96, 0, 0, 0, 0, 0, 319.0, 345.924, 345.924, 345.924, 345.924, 251.797, 321.985, 321.985, 321.985, 321.985, 311.447, 339.172, 339.629, 339.629, 339.629, 5.307, 4.556, 4.039, 4.039, 4.039, 0, 0, 0, 0, 0, 4.556, 4.039, 4.039, 4.039, 4.039, 281.771, 198.179, 277.207, -99, -99, -99, -99, -99, -99, -99, 345.924, 319.0, -99, -99, -99, 3, 3, 0, 3, 2]
[79.49, 169.964, 228.006, 230.257, 291.916, 0, 0, 0, 0, 0, 4.163, 18.193, 18.193, 18.193, 18.193, 13.455, 71.797, 71.797, 71.797, 71.797, 13.497, 13.597, 358.772, 358.772, 358.772, 5.307, 4.556, 4.039, 4.039, 4.039, 0, 0, 0, 0, 0, 4.556, 4.039, 4.039, 4.039, 4.039, 325.679, 169.964, 291.916, -99, -99, -99, -99, -99, -99, -99, 18.193, 4.163, -99, -99, -99, 3, 3, 0, 3, 2]
[139.299, 179.66, 199.718, 207.078, 210.063, 0, 0, 0, 0, 0, 26.63, 304.397, 304.397, 304.397, 304.397, 141.642, 193.455, 193.455, 193.455, 193.455, 13.582, 13.897, 270.718, 270.718, 270.718, 5.307, 4.556, 4.039, 4.039, 4.039, 0, 0, 0, 0, 0, 4.556, 4.039, 4.039, 4.039, 4.039, 230.048, 179.66, 253.742, -99, -99, -99, -99, -99, -99, -99, 26.63, 304.397, -99, -99, -99, 3, 3, 0, 3, 2]
[123.831, 198.747, 238.358, 243.439, 266.704, 0, 0, 0, 0, 0, 318.759, 345.384, 345.384, 345.384, 345.384, 252.759, 321.642, 321.642, 321.642, 321.642, 311.326, 338.705, 339.164, 339.164, 339.164, 5.307, 4.556, 4.039, 4.039, 4.039, 0, 0, 0, 0, 0, 4.556, 4.039, 4.039, 4.039, 4.039, 282.102, 198.747, 277.425, -99, -99, -99, -99, -99, -99, -99, 345.384, 318.759, -99, -99, -99, 3, 3, 0, 3, 2]
[79.49, 169.964, 228.006, 230.257, 291.916, 0, 0, 0, 0, 0, 4.163, 18.193, 18.193, 18.193, 18.193, 13.455, 72.759, 72.759, 72.759, 72.759, 13.497, 13.597, 358.772, 358.772, 358.772, 5.307, 4.556, 4.039, 4.039, 4.039, 0, 0, 0, 0, 0, 4.556, 4.039, 4.039, 4.039, 4.039, 325.679, 169.964, 291.916, -99, -99, -99, -99, -99, -99, -99, 18.193, 4.163, -99, -99, -99, 3, 3, 0, 3, 2]
[179.66, 199.718, 207.078, 210.063, 212.096, 139.299, 139.299, 139.299, 139.299, 139.299, 26.63, 304.397, 304.397, 304.397, 304.397, 141.642, 193.455, 193.455, 193.455, 193.455, 13.582, 13.897, 270.718, 270.718, 270.718, 5.307, 4.556, 4.039, 4.039, 4.039, 4.039, 4.039, 4.039, 4.039, 4.039, 4.556, 4.039, 4.039, 4.039, 4.039, 230.048, 179.66, 253.742, -99, -99, 139.299, -99, -99, -99, -99, 26.63, 304.397, -99, -99, -99, 3, 3, 1, 3, 2]
[169.964, 228.006, 230.257, 291.916, 300.741, 79.49, 79.49, 79.49, 79.49, 79.49, 4.163, 18.193, 18.193, 18.193, 18.193, 13.455, 72.759, 72.759, 72.759, 72.759, 13.497, 13.597, 358.772, 358.772, 358.772, 5.307, 4.556, 4.039, 4.039, 4.039, 4.039, 4.039, 4.039, 4.039, 4.039, 4.556, 4.039, 4.039, 4.039, 4.039, 325.679, 169.964, 291.916, -99, -99, 79.49, -99, -99, -99, -99, 18.193, 4.163, -99, -99, -99, 3, 3, 1, 3, 2]
[181.717, 207.913, 211.581, 215.47, 223.103, 139.339, 139.339, 139.339, 139.339, 139.339, 15.89, 310.249, 310.249, 310.249, 310.249, 142.057, 192.664, 192.664, 192.664, 192.664, 3.179, 3.317, 286.223, 286.223, 286.223, 5.307, 4.556, 4.039, 4.039, 4.039, 4.039, 4.039, 4.039, 4.039, 4.039, 4.556, 4.039, 4.039, 4.039, 4.039, 239.571, 181.717, 257.679, -99, -99, 139.339, -99, -99, -99, -99, 15.89, 310.249, -99, -99, -99, 3, 3, 1, 3, 2]
[175.011, 230.905, 235.118, 289.336, 291.014, 79.565, 79.565, 79.565, 79.565, 79.565, 14.003, 357.585, 357.585, 357.585, 357.585, 12.664, 71.672, 71.672, 71.672, 71.672, 8.969, 9.003, 351.406, 351.406, 351.406, 5.307, 4.556, 4.039, 4.039, 4.039, 4.039, 4.039, 4.039, 4.039, 4.039, 4.556, 4.039, 4.039, 4.039, 4.039, 315.624, 175.011, 289.336, -99, -99, 79.565, -99, -99, -99, -99, 14.003, 357.585, -99, -99, -99, 3, 3, 1, 3, 2]
[183.947, 216.317, 217.115, 218.943, 231.586, 139.392, 139.392, 139.392, 139.392, 139.392, 7.243, 312.765, 312.765, 312.765, 312.765, 142.627, 191.546, 191.546, 191.546, 191.546, 294.699, 355.422, 355.792, 355.792, 355.792, 5.307, 4.556, 4.039, 4.039, 4.039, 4.039, 4.039, 4.039, 4.039, 4.039, 4.556, 4.039, 4.039, 4.039, 4.039, 248.542, 183.947, 261.341, -99, -99, 139.392, -99, -99, -99, -99, 7.243, 312.765, -99, -99, -99, 3, 3, 1, 3, 2]
[179.981, 233.424, 238.776, 284.884, 287.168, 79.486, 79.486, 79.486, 79.486, 79.486, 9.477, 350.769, 350.769, 350.769, 350.769, 11.546, 69.924, 69.924, 69.924, 69.924, 4.102, 4.144, 343.973, 343.973, 343.973, 5.307, 4.556, 4.039, 4.039, 4.039, 4.039, 4.039, 4.039, 4.039, 4.039, 4.556, 4.039, 4.039, 4.039, 4.039, 307.558, 179.981, 287.168, -99, -99, 79.486, -99, -99, -99, -99, 9.477, 350.769, -99, -99, -99, 3, 3, 1, 3, 2]
[186.366, 221.236, 222.491, 226.979, 239.14, 139.464, 139.464, 139.464, 139.464, 139.464, 0.424, 314.161, 314.161, 314.161, 314.161, 143.457, 190.067, 190.067, 190.067, 190.067, 299.828, 349.741, 350.217, 352.798, 352.798, 5.307, 4.556, 4.039, 4.039, 4.039, 4.039, 4.039, 4.039, 4.039, 4.039, 4.556, 4.039, 4.039, 4.039, 4.039, 256.622, 186.366, 264.729, -99, -99, 139.464, -99, -99, -99, -99, 0.424, 314.161, -99, -99, -99, 3, 4, 1, 3, 2]
[184.782, 235.49, 241.403, 280.523, 285.214, 79.594, 79.594, 79.594, 79.594, 79.594, 4.707, 343.92, 343.92, 343.92, 343.92, 10.067, 67.522, 67.522, 67.522, 67.522, 0.976, 336.708, 358.996, 359.12, 359.12, 5.307, 4.556, 4.039, 4.039, 4.039, 4.039, 4.039, 4.039, 4.039, 4.039, 4.556, 4.039, 4.039, 4.039, 4.039, 301.024, 184.782, 285.214, -99, -99, 79.594, -99, -99, -99, -99, 4.707, 343.92, -99, -99, -99, 3, 4, 1, 3, 2]
[188.989, 226.09, 226.273, 236.962, 246.356, 139.568, 139.568, 139.568, 139.568, 139.568, 315.046, 355.049, 355.049, 355.049, 355.049, 144.779, 187.786, 187.786, 187.786, 187.786, 303.216, 345.478, 345.995, 349.274, 349.274, 5.307, 4.556, 4.039, 4.039, 4.039, 4.039, 4.039, 4.039, 4.039, 4.039, 4.556, 4.039, 4.039, 4.039, 4.039, 263.668, 188.989, 267.851, -99, -99, 139.568, -99, -99, -99, -99, 355.049, 315.046, -99, -99, -99, 3, 4, 1, 3, 2]
[189.395, 237.334, 243.554, 277.518, 281.545, 79.478, 79.478, 79.478, 79.478, 79.478, 337.238, 359.688, 359.688, 359.688, 359.688, 7.786, 63.089, 63.089, 63.089, 63.089, 329.863, 353.719, 353.927, 357.164, 357.164, 5.307, 4.556, 4.039, 4.039, 4.039, 4.039, 4.039, 4.039, 4.039, 4.039, 4.556, 4.039, 4.039, 4.039, 4.039, 295.915, 189.395, 283.559, -99, -99, 79.478, -99, -99, -99, -99, 359.688, 337.238, -99, -99, -99, 3, 4, 1, 3, 2]
[185.183, 208.847, 211.502, 214.89, 218.625, 1.351, 260.211, 260.211, 260.211, 260.211, 155.494, 155.494, 155.494, 155.494, 155.494, 251.033, 334.879, 336.891, 336.891, 336.891, 159.948, 165.756, 172.369, 172.369, 172.369, 5.307, 4.556, 4.039, 4.039, 4.039, 4.556, 4.039, 4.039, 4.039, 4.039, 4.039, 4.039, 4.039, 4.039, 4.039, 231.33, 185.183, 250.736, -99, -99, 1.351, 260.211, -99, -99, -99, 155.494, -99, -99, -99, -99, 4, 3, 2, 3, 1]
]
[193.727, 238.864, 245.167, 275.136, 277.404, 79.67, 79.67, 79.67, 79.67, 79.67, 330.853, 354.522, 354.522, 354.522, 354.522, 3.934, 54.586, 54.586, 54.586, 54.586, 323.516, 348.376, 348.667, 352.369, 352.369, 5.307, 4.556, 4.039, 4.039, 4.039, 4.039, 4.039, 4.039, 4.039, 4.039, 4.556, 4.039, 4.039, 4.039, 4.039, 291.71, 193.727, 282.039, -99, -99, 79.67, -99, -99, -99, -99, 354.522, 330.853, -99, -99, -99, 3, 4, 1, 3, 2]
[194.863, 233.333, 236.404, 255.181, 259.168, 139.624, 139.624, 139.624, 139.624, 139.624, 316.24, 347.428, 347.428, 347.428, 347.428, 152.384, 176.827, 176.827, 176.827, 176.827, 307.505, 339.711, 340.224, 341.935, 341.935, 5.307, 4.556, 4.039, 4.039, 4.039, 4.039, 4.039, 4.039, 4.039, 4.039, 4.556, 4.039, 4.039, 4.039, 4.039, 274.882, 194.863, 273.4, -99, -99, 139.624, -99, -99, -99, -99, 347.428, 316.24, -99, -99, -99, 3, 4, 1, 3, 2]
[186.435, 214.247, 214.771, 217.466, 226.0, 276.317, 355.508, 355.508, 355.508, 355.508, 154.899, 154.899, 154.899, 154.899, 154.899, 264.35, 336.35, 337.748, 337.748, 337.748, 159.94, 161.935, 166.226, 166.226, 166.226, 5.307, 4.556, 4.039, 4.039, 4.039, 4.556, 4.039, 4.039, 4.039, 4.039, 4.039, 4.039, 4.039, 4.039, 4.039, 238.071, 186.435, 254.53, -99, -99, 355.508, 276.317, -99, -99, -99, 154.899, -99, -99, -99, -99, 4, 3, 2, 3, 1]
[197.815, 240.263, 246.573, 273.399, 274.67, 79.449, 79.449, 79.449, 79.449, 79.449, 324.947, 349.265, 349.265, 349.265, 349.265, 30.294, 356.827, 356.827, 356.827, 356.827, 317.832, 343.055, 343.423, 346.226, 346.226, 5.307, 4.556, 4.039, 4.039, 4.039, 4.039, 4.039, 4.039, 4.039, 4.039, 4.556, 4.039, 4.039, 4.039, 4.039, 288.384, 197.815, 280.744, -99, -99, 79.449, -99, -99, -99, -99, 349.265, 324.947, -99, -99, -99, 3, 4, 1, 3, 2]
[183.494, 207.573, 210.984, 214.704, 218.743, 11.665, 276.441, 276.441, 276.441, 276.441, 148.852, 148.852, 148.852, 148.852, 148.852, 260.912, 352.598, 353.347, 353.347, 353.347, 150.882, 152.694, 156.138, 156.138, 156.138, 5.307, 4.556, 4.039, 4.039, 4.039, 4.556, 4.039, 4.039, 4.039, 4.039, 4.039, 4.039, 4.039, 4.039, 4.039, 233.246, 183.494, 253.052, -99, -99, 11.665, 276.441, -99, -99, -99, 148.852, -99, -99, -99, -99, 4, 3, 2, 3, 1]
[199.463, 240.783, 247.06, 272.722, 273.677, 79.63, 79.63, 79.63, 79.63, 79.63, 322.551, 347.009, 347.009, 347.009, 347.009, 4.621, 7.343, 7.343, 7.343, 7.343, 315.564, 336.138, 340.799, 341.198, 341.198, 5.307, 4.556, 4.039, 4.039, 4.039, 4.039, 4.039, 4.039, 4.039, 4.039, 4.556, 4.039, 4.039, 4.039, 4.039, 287.107, 199.463, 280.209, -99, -99, 79.63, -99, -99, -99, -99, 347.009, 322.551, -99, -99, -99, 3, 4, 1, 3, 2]
[185.144, 214.344, 214.863, 217.678, 227.328, 3.032, 291.042, 291.042, 291.042, 291.042, 148.551, 148.551, 148.551, 148.551, 148.551, 275.14, 347.387, 348.175, 348.175, 348.175, 150.038, 152.971, 156.89, 156.89, 156.89, 5.307, 4.556, 4.039, 4.039, 4.039, 4.556, 4.039, 4.039, 4.039, 4.039, 4.039, 4.039, 4.039, 4.039, 4.039, 241.111, 185.144, 256.939, -99, -99, 3.032, 291.042, -99, -99, -99, 148.551, -99, -99, -99, -99, 4, 3, 2, 3, 1]
[199.637, 238.449, 243.427, 265.682, 266.757, 139.517, 139.517, 139.517, 139.517, 139.517, 316.797, 343.637, 343.637, 343.637, 343.637, 201.825, 242.994, 242.994, 242.994, 242.994, 309.448, 330.038, 336.929, 337.416, 337.416, 5.307, 4.556, 4.039, 4.039, 4.039, 4.039, 4.039, 4.039, 4.039, 4.039, 4.556, 4.039, 4.039, 4.039, 4.039, 280.918, 199.637, 276.835, -99, -99, 139.517, -99, -99, -99, -99, 343.637, 316.797, -99, -99, -99, 3, 4, 1, 3, 2]
[195.894, 235.002, 238.776, 259.514, 262.326, 134.293, 134.293, 134.293, 134.293, 134.293, 317.782, 347.161, 347.161, 347.161, 347.161, 147.185, 166.153, 166.153, 166.153, 166.153, 309.505, 334.935, 339.847, 340.332, 341.291, 5.307, 4.556, 4.039, 4.039, 4.039, 4.039, 4.039, 4.039, 4.039, 4.039, 4.556, 4.039, 4.039, 4.039, 4.039, 277.819, 195.894, 274.975, -99, -99, 134.293, -99, -99, -99, -99, 347.161, 317.782, -99, -99, -99, 3, 5, 1, 3, 2]
[182.986, 200.233, 205.761, 206.133, 210.192, 45.0, 225.829, 225.829, 225.829, 225.829, 156.346, 156.346, 156.346, 156.346, 156.346, 167.149, 225.413, 314.771, 327.159, 327.159, 159.959, 161.291, 162.058, 162.058, 162.058, 5.307, 4.556, 4.039, 4.039, 4.039, 4.556, 4.039, 4.039, 4.039, 4.039, 4.039, 4.039, 4.039, 4.039, 4.039, 219.409, 182.986, 243.161, -99, -99, 45.0, 225.829, -99, -99, -99, 156.346, -99, -99, -99, -99, 5, 3, 2, 3, 1]
[192.379, 231.419, 233.814, 251.87, 257.066, 132.864, 132.864, 132.864, 132.864, 132.864, 318.906, 351.249, 351.249, 351.249, 351.249, 138.224, 152.592, 152.592, 152.592, 152.592, 309.434, 311.702, 332.838, 343.265, 343.734, 5.307, 4.556, 4.039, 4.039, 4.039, 4.039, 4.039, 4.039, 4.039, 4.039, 4.556, 4.039, 4.039, 4.039, 4.039, 273.942, 192.379, 272.865, -99, -99, 132.864, -99, -99, -99, -99, 351.249, 318.906, -99, -99, -99, 3, 6, 1, 3, 2]
[184.037, 204.21, 208.504, 211.85, 212.467, 13.476, 242.349, 242.349, 242.349, 242.349, 155.965, 155.965, 155.965, 155.965, 155.965, 183.637, 234.763, 237.605, 331.436, 334.987, 159.954, 162.278, 165.795, 165.795, 165.795, 5.307, 4.556, 4.039, 4.039, 4.039, 4.556, 4.039, 4.039, 4.039, 4.039, 4.039, 4.039, 4.039, 4.039, 4.039, 225.083, 184.037, 246.935, -99, -99, 13.476, 242.349, -99, -99, -99, 155.965, -99, -99, -99, -99, 6, 3, 2, 3, 1]
[174.737, 185.306, 188.496, 199.749, 205.227, 26.565, 42.525, 42.525, 42.525, 42.525, 132.065, 132.065, 132.065, 132.065, 132.065, 34.108, 35.152, 54.763, 103.36, 267.68, 131.702, 133.154, 137.418, 137.418, 137.418, 5.307, 4.556, 4.039, 4.039, 4.039, 4.556, 4.039, 4.039, 4.039, 4.039, 4.039, 4.039, 4.039, 4.039, 4.039, 217.153, 174.737, 251.209, -99, -99, 42.525, 26.565, -99, -99, -99, 132.065, -99, -99, -99, -99, 6, 3, 2, 3, 1]
[189.043, 227.753, 228.647, 242.794, 251.03, 131.899, 131.899, 131.899, 131.899, 131.899, 320.572, 356.218, 356.218, 356.218, 356.218, 135.042, 145.941, 145.941, 145.941, 145.941, 309.507, 312.183, 345.26, 347.546, 347.974, 5.307, 4.556, 4.039, 4.039, 4.039, 4.039, 4.039, 4.039, 4.039, 4.039, 4.556, 4.039, 4.039, 4.039, 4.039, 269.29, 189.043, 270.581, -99, -99, 131.899, -99, -99, -99, -99, 356.218, 320.572, -99, -99, -99, 3, 6, 1, 3, 2]
[185.183, 208.847, 211.502, 214.89, 218.625, 1.351, 260.211, 260.211, 260.211, 260.211, 155.494, 155.494, 155.494, 155.494, 155.494, 180.074, 249.349, 251.033, 334.879, 336.891, 159.948, 162.55, 173.603, 173.603, 173.603, 5.307, 4.556, 4.039, 4.039, 4.039, 4.556, 4.039, 4.039, 4.039, 4.039, 4.039, 4.039, 4.039, 4.039, 4.039, 231.33, 185.183, 250.736, -99, -99, 1.351, 260.211, -99, -99, -99, 155.494, -99, -99, -99, -99, 6, 3, 2, 3, 1]
[185.951, 223.311, 224.007, 232.216, 244.024, 131.52, 131.52, 131.52, 131.52, 131.52, 2.048, 322.702, 322.702, 322.702, 322.702, 133.746, 142.383, 142.383, 142.383, 142.383, 8.585, 45.514, 309.406, 312.656, 352.704, 5.307, 4.556, 4.039, 4.039, 4.039, 4.039, 4.039, 4.039, 4.039, 4.039, 4.556, 4.039, 4.039, 4.039, 4.039, 263.401, 185.951, 267.989, -99, -99, 131.52, -99, -99, -99, -99, 2.048, 322.702, -99, -99, -99, 3, 6, 1, 3, 2]
 3, 1]
[186.435, 214.247, 214.771, 217.466, 226.0, 276.317, 355.508, 355.508, 355.508, 355.508, 154.899, 154.899, 154.899, 154.899, 154.899, 176.281, 264.019, 264.35, 336.35, 337.748, 159.94, 162.896, 188.585, 188.585, 188.585, 5.307, 4.556, 4.039, 4.039, 4.039, 4.556, 4.039, 4.039, 4.039, 4.039, 4.039, 4.039, 4.039, 4.039, 4.039, 238.071, 186.435, 254.53, -99, -99, 355.508, 276.317, -99, -99, -99, 154.899, -99, -99, -99, -99, 6, 3, 2, 3, 1]
[185.947, 226.459, 226.838, 241.682, 251.465, 121.085, 121.085, 121.085, 121.085, 121.085, 2.535, 329.604, 329.604, 329.604, 329.604, 120.165, 131.827, 131.827, 131.827, 131.827, 15.268, 57.797, 318.115, 321.409, 354.404, 5.307, 4.556, 4.039, 4.039, 4.039, 4.039, 4.039, 4.039, 4.039, 4.039, 4.556, 4.039, 4.039, 4.039, 4.039, 272.433, 185.947, 272.064, -99, -99, 121.085, -99, -99, -99, -99, 2.535, 329.604, -99, -99, -99, 3, 6, 1, 3, 2]
 1]
[187.807, 218.326, 220.198, 220.491, 231.723, 288.975, 352.137, 352.137, 352.137, 352.137, 154.124, 154.124, 154.124, 154.124, 154.124, 172.27, 276.272, 277.054, 337.165, 338.234, 159.929, 163.351, 195.268, 195.268, 195.268, 5.307, 4.556, 4.039, 4.039, 4.039, 4.556, 4.039, 4.039, 4.039, 4.039, 4.039, 4.039, 4.039, 4.039, 4.039, 245.163, 187.807, 258.285, -99, -99, 352.137, 288.975, -99, -99, -99, 154.124, -99, -99, -99, -99, 6, 3, 2, 3, 1]
[185.944, 229.184, 230.949, 253.863, 259.898, 108.54, 108.54, 108.54, 108.54, 108.54, 2.915, 334.81, 334.81, 334.81, 334.81, 103.024, 117.524, 118.719, 118.719, 118.719, 21.37, 63.362, 324.955, 328.1, 355.722, 5.307, 4.556, 4.039, 4.039, 4.039, 4.039, 4.039, 4.039, 4.039, 4.039, 4.556, 4.039, 4.039, 4.039, 4.039, 281.645, 185.944, 276.18, -99, -99, 108.54, -99, -99, -99, -99, 2.915, 334.81, -99, -99, -99, 4, 6, 1, 3, 2]
99, 6, 4, 2, 3, 1]
[189.317, 222.176, 223.089, 227.608, 237.849, 298.329, 349.958, 349.958, 349.958, 349.958, 153.072, 153.072, 153.072, 153.072, 153.072, 168.412, 286.182, 287.659, 337.683, 338.548, 159.914, 162.211, 163.974, 201.37, 201.37, 5.307, 4.556, 4.039, 4.039, 4.039, 4.556, 4.039, 4.039, 4.039, 4.039, 4.039, 4.039, 4.039, 4.039, 4.039, 252.407, 189.317, 261.97, -99, -99, 349.958, 298.329, -99, -99, -99, 153.072, -99, -99, -99, -99, 6, 4, 2, 3, 1]
[200.779, 241.912, 248.557, 273.947, 275.281, 63.435, 63.435, 63.435, 63.435, 63.435, 322.175, 346.045, 346.045, 346.045, 346.045, 298.719, 311.079, 352.501, 352.501, 352.501, 315.414, 317.201, 336.53, 339.981, 340.382, 5.307, 4.556, 4.039, 4.039, 4.039, 4.039, 4.039, 4.039, 4.039, 4.039, 4.556, 4.039, 4.039, 4.039, 4.039, 287.872, 200.779, 280.753, -99, -99, 63.435, -99, -99, -99, -99, 346.045, 322.175, -99, -99, -99, 4, 6, 1, 3, 2]
[186.945, 227.322, 228.088, 243.856, 252.636, 122.149, 122.149, 122.149, 122.149, 122.149, 0.735, 327.774, 327.774, 327.774, 327.774, 120.574, 121.541, 133.834, 133.834, 133.834, 27.861, 110.286, 316.632, 319.732, 352.602, 5.307, 4.556, 4.039, 4.039, 4.039, 4.039, 4.039, 4.039, 4.039, 4.039, 4.556, 4.039, 4.039, 4.039, 4.039, 272.877, 186.945, 272.273, -99, -99, 122.149, -99, -99, -99, -99, 0.735, 327.774, -99, -99, -99, 4, 7, 1, 3, 2]
[189.336, 224.823, 225.048, 233.317, 243.07, 308.784, 352.843, 352.843, 352.843, 352.843, 146.056, 146.056, 146.056, 146.056, 146.056, 153.944, 296.717, 298.866, 342.378, 343.014, 150.729, 152.532, 158.564, 207.861, 207.861, 5.307, 4.556, 4.039, 4.039, 4.039, 4.556, 4.039, 4.039, 4.039, 4.039, 4.039, 4.039, 4.039, 4.039, 4.039, 259.246, 189.336, 265.592, -99, -99, 352.843, 308.784, -99, -99, -99, 146.056, -99, -99, -99, -99, 7, 4, 2, 3, 1]
[199.383, 238.74, 243.913, 267.017, 267.771, 127.366, 127.366, 127.366, 127.366, 127.366, 318.144, 344.593, 344.593, 344.593, 344.593, 198.121, 280.82, 300.574, 300.574, 300.574, 310.818, 312.602, 322.47, 330.729, 337.963, 5.307, 4.556, 4.039, 4.039, 4.039, 4.039, 4.039, 4.039, 4.039, 4.039, 4.556, 4.039, 4.039, 4.039, 4.039, 282.081, 199.383, 277.456, -99, -99, 127.366, -99, -99, -99, -99, 344.593, 318.144, -99, -99, -99, 4, 7, 1, 3, 2]
[182.986, 200.233, 205.761, 206.133, 210.192, 45.0, 225.829, 225.829, 225.829, 225.829, 156.346, 156.346, 156.346, 156.346, 156.346, 161.25, 164.718, 221.923, 225.413, 314.771, 159.17, 159.959, 162.058, 175.055, 175.055, 5.307, 4.556, 4.039, 4.039, 4.039, 4.556, 4.039, 4.039, 4.039, 4.039, 4.039, 4.039, 4.039, 4.039, 4.039, 219.409, 182.986, 243.161, -99, -99, 45.0, 225.829, -99, -99, -99, 156.346, -99, -99, -99, -99, 7, 4, 2, 3, 1]
[197.622, 236.845, 241.314, 263.284, 265.033, 317.843, 345.731, 345.731, 345.731, 345.731, 132.764, 132.764, 132.764, 132.764, 132.764, 310.066, 311.936, 332.322, 338.763, 339.242, 43.015, 157.358, 177.321, 275.459, 275.459, 5.307, 4.556, 4.039, 4.039, 4.039, 4.556, 4.039, 4.039, 4.039, 4.039, 4.039, 4.039, 4.039, 4.039, 4.039, 279.923, 197.622, 276.18, -99, -99, 345.731, 317.843, -99, -99, -99, 132.764, -99, -99, -99, -99, 7, 4, 2, 3, 1]
[191.567, 228.462, 229.567, 242.487, 249.927, 312.316, 349.969, 349.969, 349.969, 349.969, 144.76, 144.76, 144.76, 144.76, 144.76, 152.322, 301.864, 303.988, 340.836, 341.421, 133.41, 153.083, 160.72, 219.482, 219.482, 5.307, 4.556, 4.039, 4.039, 4.039, 4.556, 4.039, 4.039, 4.039, 4.039, 4.039, 4.039, 4.039, 4.039, 4.039, 266.169, 191.567, 268.938, -99, -99, 349.969, 312.316, -99, -99, -99, 144.76, -99, -99, -99, -99, 7, 4, 2, 3, 1]
[198.888, 236.209, 240.171, 259.372, 261.962, 159.922, 159.922, 159.922, 159.922, 159.922, 312.607, 341.758, 341.758, 341.758, 341.758, 194.778, 200.819, 264.357, 264.357, 264.357, 223.015, 304.885, 306.552, 313.41, 334.538, 5.307, 4.556, 4.039, 4.039, 4.039, 4.039, 4.039, 4.039, 4.039, 4.039, 4.556, 4.039, 4.039, 4.039, 4.039, 276.062, 198.888, 274.141, -99, -99, 159.922, -99, -99, -99, -99, 341.758, 312.607, -99, -99, -99, 4, 7, 1, 3, 2]
[184.08, 204.286, 208.548, 211.934, 212.499, 12.995, 242.387, 242.387, 242.387, 242.387, 156.069, 156.069, 156.069, 156.069, 156.069, 160.209, 163.376, 234.826, 237.653, 330.771, 155.249, 160.07, 162.385, 178.765, 178.765, 5.307, 4.556, 4.039, 4.039, 4.039, 4.556, 4.039, 4.039, 4.039, 4.039, 4.039, 4.039, 4.039, 4.039, 4.039, 225.131, 184.08, 246.938, -99, -99, 12.995, 242.387, -99, -99, -99, 156.069, -99, -99, -99, -99, 7, 4, 2, 3, 1]
[197.867, 236.722, 241.09, 262.503, 264.43, 316.871, 345.015, 345.015, 345.015, 345.015, 138.215, 138.215, 138.215, 138.215, 138.215, 309.094, 310.928, 337.997, 338.49, 339.918, 172.532, 181.787, 190.304, 253.377, 253.377, 5.307, 4.556, 4.039, 4.039, 4.039, 4.556, 4.039, 4.039, 4.039, 4.039, 4.039, 4.039, 4.039, 4.039, 4.039, 279.176, 197.867, 275.791, -99, -99, 345.015, 316.871, -99, -99, -99, 138.215, -99, -99, -99, -99, 7, 4, 2, 3, 1]
[194.736, 231.97, 234.409, 250.674, 255.697, 312.411, 345.784, 345.784, 345.784, 345.784, 148.879, 148.879, 148.879, 148.879, 148.879, 160.446, 303.388, 305.28, 337.584, 338.167, 163.626, 167.211, 170.816, 227.754, 227.754, 5.307, 4.556, 4.039, 4.039, 4.039, 4.556, 4.039, 4.039, 4.039, 4.039, 4.039, 4.039, 4.039, 4.039, 4.039, 271.037, 194.736, 271.382, -99, -99, 345.784, 312.411, -99, -99, -99, 148.879, -99, -99, -99, -99, 7, 4, 2, 3, 1]
[198.093, 237.831, 242.741, 265.922, 266.985, 123.448, 123.448, 123.448, 123.448, 123.448, 319.091, 346.035, 346.035, 346.035, 346.035, 120.779, 177.864, 261.014, 261.014, 261.014, 10.304, 311.523, 313.393, 339.277, 339.733, 5.307, 4.556, 4.039, 4.039, 4.039, 4.039, 4.039, 4.039, 4.039, 4.039, 4.556, 4.039, 4.039, 4.039, 4.039, 281.779, 198.093, 277.206, -99, -99, 123.448, -99, -99, -99, -99, 346.035, 319.091, -99, -99, -99, 4, 7, 1, 3, 2]
[185.443, 209.281, 211.748, 215.063, 219.058, 259.825, 359.224, 359.224, 359.224, 359.224, 156.194, 156.194, 156.194, 156.194, 156.194, 159.791, 159.918, 249.309, 250.955, 332.47, 160.733, 161.527, 163.264, 182.904, 182.904, 5.307, 4.556, 4.039, 4.039, 4.039, 4.556, 4.039, 4.039, 4.039, 4.039, 4.039, 4.039, 4.039, 4.039, 4.039, 231.532, 185.443, 250.716, -99, -99, 359.224, 259.825, -99, -99, -99, 156.194, -99, -99, -99, -99, 7, 4, 2, 3, 1]
[197.867, 236.722, 241.09, 262.503, 264.43, 316.871, 345.015, 345.015, 345.015, 345.015, 138.215, 138.215, 138.215, 138.215, 138.215, 309.094, 310.928, 322.093, 337.997, 338.49, 172.532, 181.787, 190.304, 238.13, 238.13, 5.307, 4.556, 4.039, 4.039, 4.039, 4.556, 4.039, 4.039, 4.039, 4.039, 4.039, 4.039, 4.039, 4.039, 4.039, 279.176, 197.867, 275.791, -99, -99, 345.015, 316.871, -99, -99, -99, 138.215, -99, -99, -99, -99, 7, 4, 2, 3, 1]
[196.508, 235.218, 239.018, 259.359, 262.155, 316.598, 346.024, 346.024, 346.024, 346.024, 139.058, 139.058, 139.058, 139.058, 139.058, 142.093, 308.422, 310.328, 338.708, 339.211, 158.67, 166.176, 172.517, 231.247, 231.247, 5.307, 4.556, 4.039, 4.039, 4.039, 4.556, 4.039, 4.039, 4.039, 4.039, 4.039, 4.039, 4.039, 4.039, 4.039, 277.34, 196.508, 274.748, -99, -99, 346.024, 316.598, -99, -99, -99, 139.058, -99, -99, -99, -99, 7, 4, 2, 3, 1]
[198.093, 237.831, 242.741, 265.922, 266.985, 123.448, 123.448, 123.448, 123.448, 123.448, 319.091, 346.035, 346.035, 346.035, 346.035, 120.779, 177.864, 243.637, 243.637, 243.637, 10.304, 311.523, 313.393, 339.277, 339.733, 5.307, 4.556, 4.039, 4.039, 4.039, 4.039, 4.039, 4.039, 4.039, 4.039, 4.556, 4.039, 4.039, 4.039, 4.039, 281.779, 198.093, 277.206, -99, -99, 123.448, -99, -99, -99, -99, 346.035, 319.091, -99, -99, -99, 4, 7, 1, 3, 2]
[186.612, 214.51, 214.923, 217.572, 226.144, 275.761, 354.444, 354.444, 354.444, 354.444, 155.428, 155.428, 155.428, 155.428, 155.428, 159.579, 160.83, 263.714, 264.068, 335.199, 160.542, 161.455, 163.435, 186.117, 186.117, 5.307, 4.556, 4.039, 4.039, 4.039, 4.556, 4.039, 4.039, 4.039, 4.039, 4.039, 4.039, 4.039, 4.039, 4.039, 238.141, 186.612, 254.492, -99, -99, 354.444, 275.761, -99, -99, -99, 155.428, -99, -99, -99, -99, 7, 4, 2, 3, 1]
[186.925, 240.019, 248.711, 288.057, 288.32, 67.262, 67.262, 67.262, 67.262, 67.262, 2.795, 343.49, 343.49, 343.49, 343.49, 53.362, 63.431, 63.431, 63.431, 63.431, 9.141, 45.123, 47.406, 337.036, 339.457, 5.307, 4.556, 4.039, 4.039, 4.039, 4.039, 4.039, 4.039, 4.039, 4.039, 4.556, 4.039, 4.039, 4.039, 4.039, 305.7, 186.925, 288.32, -99, -99, 67.262, -99, -99, -99, -99, 2.795, 343.49, -99, -99, -99, 3, 8, 1, 3, 2]
[197.867, 236.722, 241.09, 262.503, 264.43, 316.871, 345.015, 345.015, 345.015, 345.015, 138.215, 138.215, 138.215, 138.215, 138.215, 286.323, 309.094, 310.928, 312.524, 337.997, 172.532, 181.787, 227.406, 227.406, 227.406, 5.307, 4.556, 4.039, 4.039, 4.039, 4.556, 4.039, 4.039, 4.039, 4.039, 4.039, 4.039, 4.039, 4.039, 4.039, 279.176, 197.867, 275.791, -99, -99, 345.015, 316.871, -99, -99, -99, 138.215, -99, -99, -99, -99, 8, 3, 2, 3, 1]
[197.106, 236.195, 240.407, 261.835, 263.975, 317.545, 345.993, 345.993, 345.993, 345.993, 134.761, 134.761, 134.761, 134.761, 134.761, 106.323, 309.606, 311.499, 313.156, 338.897, 155.659, 174.077, 225.123, 225.123, 225.123, 5.307, 4.556, 4.039, 4.039, 4.039, 4.556, 4.039, 4.039, 4.039, 4.039, 4.039, 4.039, 4.039, 4.039, 4.039, 279.025, 197.106, 275.672, -99, -99, 345.993, 317.545, -99, -99, -99, 134.761, -99, -99, -99, -99, 8, 3, 2, 3, 1]
[187.846, 218.344, 220.21, 220.517, 231.722, 288.758, 351.938, 351.938, 351.938, 351.938, 154.279, 154.279, 154.279, 154.279, 154.279, 158.915, 160.635, 276.113, 276.696, 276.878, 160.106, 163.503, 189.141, 189.141, 189.141, 5.307, 4.556, 4.039, 4.039, 4.039, 4.556, 4.039, 4.039, 4.039, 4.039, 4.039, 4.039, 4.039, 4.039, 4.039, 245.131, 187.846, 258.254, -99, -99, 351.938, 288.758, -99, -99, -99, 154.279, -99, -99, -99, -99, 8, 3, 2, 3, 1]
[175.929, 189.038, 194.434, 201.71, 208.368, 0.0, 38.799, 38.799, 38.799, 38.799, 133.445, 133.445, 133.445, 133.445, 133.445, 29.329, 30.234, 96.696, 132.524, 133.156, 134.766, 139.092, 161.84, 161.84, 161.84, 5.307, 4.556, 4.039, 4.039, 4.039, 4.556, 4.039, 4.039, 4.039, 4.039, 4.039, 4.039, 4.039, 4.039, 4.039, 221.203, 175.929, 252.132, -99, -99, 38.799, 0.0, -99, -99, -99, 133.445, -99, -99, -99, -99, 8, 3, 2, 3, 1]
[186.917, 244.108, 255.891, 292.157, 296.671, 57.258, 57.258, 57.258, 57.258, 57.258, 3.115, 345.717, 345.717, 345.717, 345.717, 44.439, 51.524, 55.913, 55.913, 55.913, 12.087, 37.907, 39.94, 339.983, 342.217, 5.307, 4.556, 4.039, 4.039, 4.039, 4.039, 4.039, 4.039, 4.039, 4.039, 4.556, 4.039, 4.039, 4.039, 4.039, 312.083, 186.917, 292.157, -99, -99, 57.258, -99, -99, -99, -99, 3.115, 345.717, -99, -99, -99, 4, 8, 1, 3, 2]
[197.867, 236.722, 241.09, 262.503, 264.43, 316.871, 345.015, 345.015, 345.015, 345.015, 138.215, 138.215, 138.215, 138.215, 138.215, 286.323, 306.953, 309.094, 310.928, 337.932, 172.511, 172.532, 181.787, 219.94, 219.94, 5.307, 4.556, 4.039, 4.039, 4.039, 4.556, 4.039, 4.039, 4.039, 4.039, 4.039, 4.039, 4.039, 4.039, 4.039, 279.176, 197.867, 275.791, -99, -99, 345.015, 316.871, -99, -99, -99, 138.215, -99, -99, -99, -99, 8, 4, 2, 3, 1]
[197.106, 236.195, 240.407, 261.835, 263.975, 317.545, 345.993, 345.993, 345.993, 345.993, 134.761, 134.761, 134.761, 134.761, 134.761, 106.323, 307.509, 309.606, 311.499, 338.897, 155.659, 166.348, 174.077, 217.907, 217.907, 5.307, 4.556, 4.039, 4.039, 4.039, 4.556, 4.039, 4.039, 4.039, 4.039, 4.039, 4.039, 4.039, 4.039, 4.039, 279.025, 197.106, 275.672, -99, -99, 345.993, 317.545, -99, -99, -99, 134.761, -99, -99, -99, -99, 8, 4, 2, 3, 1]
[200.779, 241.912, 248.557, 273.947, 275.281, 63.435, 63.435, 63.435, 63.435, 63.435, 322.175, 346.045, 346.045, 346.045, 346.045, 235.913, 311.079, 352.501, 352.501, 352.501, 314.6, 315.414, 317.201, 339.981, 340.382, 5.307, 4.556, 4.039, 4.039, 4.039, 4.039, 4.039, 4.039, 4.039, 4.039, 4.556, 4.039, 4.039, 4.039, 4.039, 287.872, 200.779, 280.753, -99, -99, 63.435, -99, -99, -99, -99, 346.045, 322.175, -99, -99, -99, 4, 8, 1, 3, 2]
[189.207, 222.073, 223.014, 227.444, 237.755, 298.585, 350.328, 350.328, 350.328, 350.328, 152.725, 152.725, 152.725, 152.725, 152.725, 157.932, 160.05, 275.766, 286.345, 287.844, 159.482, 161.854, 163.597, 192.087, 192.087, 5.307, 4.556, 4.039, 4.039, 4.039, 4.556, 4.039, 4.039, 4.039, 4.039, 4.039, 4.039, 4.039, 4.039, 4.039, 252.364, 189.207, 261.97, -99, -99, 350.328, 298.585, -99, -99, -99, 152.725, -99, -99, -99, -99, 8, 4, 2, 3, 1]
[175.925, 191.501, 200.51, 204.027, 210.407, 32.246, 357.853, 357.853, 357.853, 357.853, 128.917, 128.917, 128.917, 128.917, 128.917, 23.33, 23.89, 95.766, 126.953, 127.509, 129.687, 134.6, 134.742, 163.064, 163.064, 5.307, 4.556, 4.039, 4.039, 4.039, 4.556, 4.039, 4.039, 4.039, 4.039, 4.039, 4.039, 4.039, 4.039, 4.039, 230.488, 175.925, 257.018, -99, -99, 32.246, 357.853, -99, -99, -99, 128.917, -99, -99, -99, -99, 8, 4, 2, 3, 1]
[186.908, 248.612, 263.836, 295.861, 304.454, 49.492, 49.492, 49.492, 49.492, 49.492, 3.389, 347.574, 347.574, 347.574, 347.574, 39.652, 43.128, 43.128, 43.128, 43.128, 0.385, 11.833, 32.823, 342.435, 344.305, 5.307, 4.556, 4.039, 4.039, 4.039, 4.039, 4.039, 4.039, 4.039, 4.039, 4.556, 4.039, 4.039, 4.039, 4.039, 317.605, 186.908, 295.861, -99, -99, 49.492, -99, -99, -99, -99, 3.389, 347.574, -99, -99, -99, 3, 8, 1, 3, 2]
9, 8, 3, 2, 3, 1]
[189.219, 224.718, 224.973, 233.161, 242.99, 309.073, 353.158, 353.158, 353.158, 353.158, 145.674, 145.674, 145.674, 145.674, 145.674, 151.342, 275.956, 296.934, 299.109, 342.696, 150.02, 158.12, 191.833, 191.833, 191.833, 5.307, 4.556, 4.039, 4.039, 4.039, 4.556, 4.039, 4.039, 4.039, 4.039, 4.039, 4.039, 4.039, 4.039, 4.039, 259.234, 189.219, 265.601, -99, -99, 353.158, 309.073, -99, -99, -99, 145.674, -99, -99, -99, -99, 8, 3, 2, 3, 1]
[199.451, 238.774, 243.954, 267.028, 267.778, 127.969, 127.969, 127.969, 127.969, 127.969, 318.063, 344.499, 344.499, 344.499, 344.499, 199.267, 219.652, 219.652, 219.652, 219.652, 303.004, 310.747, 312.526, 324.067, 330.02, 5.307, 4.556, 4.039, 4.039, 4.039, 4.039, 4.039, 4.039, 4.039, 4.039, 4.556, 4.039, 4.039, 4.039, 4.039, 282.062, 199.451, 277.45, -99, -99, 127.969, -99, -99, -99, -99, 344.499, 318.063, -99, -99, -99, 3, 8, 1, 3, 2]
[175.921, 195.069, 206.758, 211.801, 212.682, 27.247, 357.205, 357.205, 357.205, 357.205, 123.613, 123.613, 123.613, 123.613, 123.613, 19.059, 19.413, 24.062, 95.956, 120.675, 123.004, 129.484, 164.305, 164.305, 164.305, 5.307, 4.556, 4.039, 4.039, 4.039, 4.556, 4.039, 4.039, 4.039, 4.039, 4.039, 4.039, 4.039, 4.039, 4.039, 242.526, 175.921, 262.04, -99, -99, 27.247, 357.205, -99, -99, -99, 123.613, -99, -99, -99, -99, 8, 3, 2, 3, 1]
[182.986, 200.233, 205.761, 206.133, 210.192, 45.0, 225.829, 225.829, 225.829, 225.829, 156.346, 156.346, 156.346, 156.346, 156.346, 160.244, 165.062, 204.062, 221.923, 225.413, 159.075, 162.058, 180.385, 180.385, 180.385, 5.307, 4.556, 4.039, 4.039, 4.039, 4.556, 4.039, 4.039, 4.039, 4.039, 4.039, 4.039, 4.039, 4.039, 4.039, 219.409, 182.986, 243.161, -99, -99, 45.0, 225.829, -99, -99, -99, 156.346, -99, -99, -99, -99, 8, 3, 2, 3, 1]
[197.566, 236.714, 241.124, 262.921, 264.763, 317.655, 345.676, 345.676, 345.676, 345.676, 133.901, 133.901, 133.901, 133.901, 133.901, 293.223, 309.849, 311.718, 317.467, 338.679, 177.357, 187.15, 210.217, 210.217, 210.217, 5.307, 4.556, 4.039, 4.039, 4.039, 4.556, 4.039, 4.039, 4.039, 4.039, 4.039, 4.039, 4.039, 4.039, 4.039, 279.661, 197.566, 276.037, -99, -99, 345.676, 317.655, -99, -99, -99, 133.901, -99, -99, -99, -99, 8, 3, 2, 3, 1]
[198.639, 240.621, 246.97, 273.29, 274.483, 78.076, 78.076, 78.076, 78.076, 78.076, 323.936, 348.246, 348.246, 348.246, 348.246, 71.102, 215.737, 215.737, 215.737, 215.737, 7.15, 304.793, 316.9, 318.813, 333.755, 5.307, 4.556, 4.039, 4.039, 4.039, 4.039, 4.039, 4.039, 4.039, 4.039, 4.556, 4.039, 4.039, 4.039, 4.039, 287.97, 198.639, 280.602, -99, -99, 78.076, -99, -99, -99, -99, 348.246, 323.936, -99, -99, -99, 3, 8, 1, 3, 2]
3, 2, 3, 1]
[175.916, 200.639, 210.009, 215.229, 228.282, 23.363, 356.893, 356.893, 356.893, 356.893, 117.428, 117.428, 117.428, 117.428, 117.428, 15.894, 16.122, 26.341, 96.169, 113.223, 123.123, 124.793, 165.563, 165.563, 165.563, 5.307, 4.556, 4.039, 4.039, 4.039, 4.556, 4.039, 4.039, 4.039, 4.039, 4.039, 4.039, 4.039, 4.039, 4.039, 257.192, 175.916, 267.123, -99, -99, 23.363, 356.893, -99, -99, -99, 117.428, -99, -99, -99, -99, 8, 3, 2, 3, 1]
[184.08, 204.286, 208.548, 211.934, 212.499, 12.995, 242.387, 242.387, 242.387, 242.387, 156.069, 156.069, 156.069, 156.069, 156.069, 160.116, 170.092, 206.341, 234.826, 237.653, 162.385, 163.832, 182.432, 182.432, 182.432, 5.307, 4.556, 4.039, 4.039, 4.039, 4.556, 4.039, 4.039, 4.039, 4.039, 4.039, 4.039, 4.039, 4.039, 4.039, 225.131, 184.08, 246.938, -99, -99, 12.995, 242.387, -99, -99, -99, 156.069, -99, -99, -99, -99, 8, 3, 2, 3, 1]
[190.781, 250.917, 266.352, 295.827, 303.685, 43.582, 43.582, 43.582, 43.582, 43.582, 1.099, 345.147, 345.147, 345.147, 345.147, 35.868, 38.381, 38.381, 38.381, 38.381, 0.962, 7.03, 32.135, 337.022, 340.073, 5.307, 4.556, 4.039, 4.039, 4.039, 4.039, 4.039, 4.039, 4.039, 4.039, 4.556, 4.039, 4.039, 4.039, 4.039, 316.105, 190.781, 295.827, -99, -99, 43.582, -99, -99, -99, -99, 1.099, 345.147, -99, -99, -99, 3, 8, 1, 3, 2]
, 8, 3, 2, 3, 1]
[198.608, 243.301, 251.241, 279.724, 283.336, 52.702, 52.702, 52.702, 52.702, 52.702, 328.687, 350.733, 350.733, 350.733, 350.733, 28.267, 218.381, 218.381, 218.381, 218.381, 18.757, 306.524, 322.141, 324.08, 335.918, 5.307, 4.556, 4.039, 4.039, 4.039, 4.039, 4.039, 4.039, 4.039, 4.039, 4.556, 4.039, 4.039, 4.039, 4.039, 294.155, 198.608, 284.003, -99, -99, 52.702, -99, -99, -99, -99, 350.733, 328.687, -99, -99, -99, 3, 8, 1, 3, 2]
 1]
[175.91, 210.271, 213.917, 218.086, 239.148, 20.284, 356.709, 356.709, 356.709, 356.709, 110.309, 110.309, 110.309, 110.309, 110.309, 13.469, 13.616, 28.155, 96.409, 110.754, 115.483, 126.524, 157.022, 157.022, 157.022, 5.307, 4.556, 4.039, 4.039, 4.039, 4.556, 4.039, 4.039, 4.039, 4.039, 4.039, 4.039, 4.039, 4.039, 4.039, 273.089, 175.91, 272.188, -99, -99, 20.284, 356.709, -99, -99, -99, 110.309, -99, -99, -99, -99, 8, 3, 2, 3, 1]
[185.137, 208.767, 211.456, 214.858, 218.541, 1.711, 260.253, 260.253, 260.253, 260.253, 155.378, 155.378, 155.378, 155.378, 155.378, 161.39, 174.683, 208.155, 249.335, 251.027, 162.431, 167.615, 180.962, 180.962, 180.962, 5.307, 4.556, 4.039, 4.039, 4.039, 4.556, 4.039, 4.039, 4.039, 4.039, 4.039, 4.039, 4.039, 4.039, 4.039, 231.286, 185.137, 250.734, -99, -99, 1.711, 260.253, -99, -99, -99, 155.378, -99, -99, -99, -99, 8, 3, 2, 3, 1]
[198.627, 239.006, 244.457, 269.071, 269.313, 320.561, 346.451, 346.451, 346.451, 346.451, 108.015, 108.015, 108.015, 108.015, 108.015, 281.12, 287.543, 313.232, 315.1, 338.085, 177.832, 198.849, 209.266, 209.266, 209.266, 5.307, 4.556, 4.039, 4.039, 4.039, 4.556, 4.039, 4.039, 4.039, 4.039, 4.039, 4.039, 4.039, 4.039, 4.039, 283.973, 198.627, 278.43, -99, -99, 346.451, 320.561, -99, -99, -99, 108.015, -99, -99, -99, -99, 8, 3, 2, 3, 1]
[194.071, 248.76, 261.553, 292.401, 296.444, 43.488, 43.488, 43.488, 43.488, 43.488, 340.726, 358.243, 358.243, 358.243, 358.243, 33.653, 46.9, 46.9, 46.9, 46.9, 29.266, 324.388, 335.231, 337.214, 353.41, 5.307, 4.556, 4.039, 4.039, 4.039, 4.039, 4.039, 4.039, 4.039, 4.039, 4.556, 4.039, 4.039, 4.039, 4.039, 309.798, 194.071, 292.401, -99, -99, 43.488, -99, -99, -99, -99, 358.243, 340.726, -99, -99, -99, 3, 8, 1, 3, 2]
[189.267, 232.181, 235.287, 260.23, 263.53, 330.313, 358.154, 358.154, 358.154, 358.154, 107.701, 107.701, 107.701, 107.701, 107.701, 107.543, 276.684, 321.235, 323.935, 351.068, 119.395, 158.217, 178.44, 178.44, 178.44, 5.307, 4.556, 4.039, 4.039, 4.039, 4.556, 4.039, 4.039, 4.039, 4.039, 4.039, 4.039, 4.039, 4.039, 4.039, 282.845, 189.267, 277.054, -99, -99, 358.154, 330.313, -99, -99, -99, 107.701, -99, -99, -99, -99, 8, 3, 2, 3, 1]
[175.904, 218.653, 221.298, 228.954, 252.549, 17.798, 356.588, 356.588, 356.588, 356.588, 102.296, 102.296, 102.296, 102.296, 102.296, 11.557, 11.651, 26.839, 96.684, 101.12, 106.499, 128.466, 144.388, 144.388, 144.388, 5.307, 4.556, 4.039, 4.039, 4.039, 4.556, 4.039, 4.039, 4.039, 4.039, 4.039, 4.039, 4.039, 4.039, 4.039, 287.984, 175.904, 277.158, -99, -99, 17.798, 356.588, -99, -99, -99, 102.296, -99, -99, -99, -99, 8, 3, 2, 3, 1]
[185.144, 211.765, 213.358, 216.453, 223.966, 2.617, 278.35, 278.35, 278.35, 278.35, 151.703, 151.703, 151.703, 151.703, 151.703, 158.085, 175.358, 206.839, 264.264, 264.608, 159.48, 169.01, 176.663, 176.663, 176.663, 5.307, 4.556, 4.039, 4.039, 4.039, 4.556, 4.039, 4.039, 4.039, 4.039, 4.039, 4.039, 4.039, 4.039, 4.039, 236.7, 185.144, 254.298, -99, -99, 2.617, 278.35, -99, -99, -99, 151.703, -99, -99, -99, -99, 8, 3, 2, 3, 1]
[198.627, 239.006, 244.457, 269.071, 269.313, 320.561, 346.451, 346.451, 346.451, 346.451, 108.015, 108.015, 108.015, 108.015, 108.015, 262.105, 270.534, 313.232, 315.1, 316.767, 177.832, 198.89, 202.08, 202.08, 202.08, 5.307, 4.556, 4.039, 4.039, 4.039, 4.556, 4.039, 4.039, 4.039, 4.039, 4.039, 4.039, 4.039, 4.039, 4.039, 283.973, 198.627, 278.43, -99, -99, 346.451, 320.561, -99, -99, -99, 108.015, -99, -99, -99, -99, 9, 3, 2, 3, 1]
[189.288, 235.122, 239.952, 271.777, 272.73, 334.811, 359.191, 359.191, 359.191, 359.191, 90.506, 90.506, 90.506, 90.506, 90.506, 82.105, 277.0, 326.793, 329.388, 331.887, 95.47, 158.111, 160.658, 160.658, 160.658, 5.307, 4.556, 4.039, 4.039, 4.039, 4.556, 4.039, 4.039, 4.039, 4.039, 4.039, 4.039, 4.039, 4.039, 4.039, 290.826, 189.288, 280.953, -99, -99, 359.191, 334.811, -99, -99, -99, 90.506, -99, -99, -99, -99, 9, 3, 2, 3, 1]
[198.529, 249.542, 261.484, 290.888, 293.151, 35.859, 35.859, 35.859, 35.859, 35.859, 336.529, 354.733, 354.733, 354.733, 354.733, 22.401, 356.451, 356.451, 356.451, 356.451, 18.89, 310.655, 330.981, 332.857, 334.653, 5.307, 4.556, 4.039, 4.039, 4.039, 4.039, 4.039, 4.039, 4.039, 4.039, 4.556, 4.039, 4.039, 4.039, 4.039, 306.046, 198.529, 290.888, -99, -99, 35.859, -99, -99, -99, -99, 354.733, 336.529, -99, -99, -99, 3, 9, 1, 3, 2]
[175.896, 224.421, 224.91, 263.59, 267.601, 15.754, 356.503, 356.503, 356.503, 356.503, 93.575, 93.575, 93.575, 93.575, 93.575, 10.016, 10.073, 25.492, 90.534, 97.0, 96.334, 126.841, 130.655, 130.655, 130.655, 5.307, 4.556, 4.039, 4.039, 4.039, 4.556, 4.039, 4.039, 4.039, 4.039, 4.039, 4.039, 4.039, 4.039, 4.039, 300.334, 175.896, 281.964, -99, -99, 15.754, 356.503, -99, -99, -99, 93.575, -99, -99, -99, -99, 9, 3, 2, 3, 1]
[185.152, 215.527, 215.546, 218.207, 228.662, 3.131, 295.821, 295.821, 295.821, 295.821, 147.139, 147.139, 147.139, 147.139, 147.139, 153.81, 176.036, 205.492, 279.454, 280.784, 155.717, 170.106, 170.435, 170.435, 170.435, 5.307, 4.556, 4.039, 4.039, 4.039, 4.556, 4.039, 4.039, 4.039, 4.039, 4.039, 4.039, 4.039, 4.039, 4.039, 243.059, 185.152, 258.038, -99, -99, 3.131, 295.821, -99, -99, -99, 147.139, -99, -99, -99, -99, 9, 3, 2, 3, 1]
[175.929, 189.038, 194.434, 201.71, 208.368, 0.0, 38.799, 38.799, 38.799, 38.799, 133.445, 133.445, 133.445, 133.445, 133.445, 29.329, 30.234, 101.069, 136.767, 151.887, 139.092, 153.661, 154.653, 154.653, 154.653, 5.307, 4.556, 4.039, 4.039, 4.039, 4.556, 4.039, 4.039, 4.039, 4.039, 4.039, 4.039, 4.039, 4.039, 4.039, 221.203, 175.929, 252.132, -99, -99, 38.799, 0.0, -99, -99, -99, 133.445, -99, -99, -99, -99, 9, 3, 2, 3, 1]
[108.015, 198.627, 239.006, 244.457, 269.071, 320.561, 346.451, 346.451, 346.451, 346.451, 0, 0, 0, 0, 0, 241.85, 259.632, 313.232, 315.1, 316.461, 198.914, 201.113, 201.113, 201.113, 201.113, 5.307, 4.556, 4.039, 4.039, 4.039, 4.556, 4.039, 4.039, 4.039, 4.039, 0, 0, 0, 0, 0, 283.973, 198.627, 278.43, -99, -99, 346.451, 320.561, -99, -99, -99, -99, -99, -99, -99, -99, 9, 2, 2, 3, 0]

[32.392, 198.477, 253.159, 267.491, 294.322, 0, 0, 0, 0, 0, 339.745, 356.357, 356.357, 356.357, 356.357, 358.454, 358.454, 358.454, 358.454, 358.454, 18.914, 313.135, 334.659, 336.47, 340.054, 5.307, 4.556, 4.039, 4.039, 4.039, 0, 0, 0, 0, 0, 4.556, 4.039, 4.039, 4.039, 4.039, 311.529, 198.477, 294.322, -99, -99, -99, -99, -99, -99, -99, 356.357, 339.745, -99, -99, -99, 2, 9, 0, 3, 2]
[84.488, 175.887, 228.968, 231.436, 282.439, 14.049, 356.439, 356.439, 356.439, 356.439, 0, 0, 0, 0, 0, 1.543, 8.747, 8.779, 24.114, 79.632, 129.143, 133.135, 133.135, 133.135, 133.135, 5.307, 4.556, 4.039, 4.039, 4.039, 4.556, 4.039, 4.039, 4.039, 4.039, 0, 0, 0, 0, 0, 309.901, 175.887, 286.551, -99, -99, 14.049, 356.439, -99, -99, -99, -99, -99, -99, -99, -99, 9, 2, 2, 3, 0]
[141.401, 185.161, 218.014, 220.143, 220.413, 3.463, 310.07, 310.07, 310.07, 310.07, 0, 0, 0, 0, 0, 148.14, 176.717, 204.114, 290.183, 293.736, 171.531, 171.888, 171.888, 171.888, 171.888, 5.307, 4.556, 4.039, 4.039, 4.039, 4.556, 4.039, 4.039, 4.039, 4.039, 0, 0, 0, 0, 0, 250.434, 185.161, 261.933, -99, -99, 3.463, 310.07, -99, -99, -99, -99, -99, -99, -99, -99, 9, 2, 2, 3, 0]
[132.775, 177.827, 196.863, 206.261, 208.236, 28.39, 337.922, 337.922, 337.922, 337.922, 0, 0, 0, 0, 0, 18.07, 18.49, 110.183, 136.461, 158.599, 159.205, 160.054, 160.054, 160.054, 160.054, 5.307, 4.556, 4.039, 4.039, 4.039, 4.556, 4.039, 4.039, 4.039, 4.039, 0, 0, 0, 0, 0, 232.613, 177.827, 256.518, -99, -99, 28.39, 337.922, -99, -99, -99, -99, -99, -99, -99, -99, 9, 2, 2, 3, 0]
[35.668, 199.27, 248.594, 259.704, 289.54, 0, 0, 0, 0, 0, 334.674, 353.531, 353.531, 353.531, 353.531, 217.445, 217.445, 217.445, 217.445, 217.445, 15.527, 304.968, 306.523, 328.972, 330.843, 5.307, 4.556, 4.039, 4.039, 4.039, 0, 0, 0, 0, 0, 4.556, 4.039, 4.039, 4.039, 4.039, 303.617, 199.27, 289.54, -99, -99, -99, -99, -99, -99, -99, 353.531, 334.674, -99, -99, -99, 2, 10, 0, 3, 2]

[59.049, 191.824, 242.87, 252.248, 287.278, 338.723, 358.532, 358.532, 358.532, 358.532, 0, 0, 0, 0, 0, 53.864, 304.058, 332.394, 334.598, 338.741, 126.523, 142.209, 142.209, 142.209, 142.209, 5.307, 4.556, 4.039, 4.039, 4.039, 4.556, 4.039, 4.039, 4.039, 4.039, 0, 0, 0, 0, 0, 303.097, 191.824, 287.938, -99, -99, 358.532, 338.723, -99, -99, -99, -99, -99, -99, -99, -99, 10, 2, 2, 3, 0]
[35.859, 198.529, 249.542, 261.484, 290.888, 0, 0, 0, 0, 0, 336.529, 354.733, 354.733, 354.733, 354.733, 37.445, 37.445, 37.445, 37.445, 37.445, 18.849, 310.884, 322.209, 330.981, 332.857, 5.307, 4.556, 4.039, 4.039, 4.039, 0, 0, 0, 0, 0, 4.556, 4.039, 4.039, 4.039, 4.039, 306.046, 198.529, 290.888, -99, -99, -99, -99, -99, -99, -99, 354.733, 336.529, -99, -99, -99, 2, 10, 0, 3, 2]
[84.581, 180.664, 231.833, 235.854, 278.709, 9.176, 349.156, 349.156, 349.156, 349.156, 0, 0, 0, 0, 0, 3.523, 3.576, 5.712, 19.941, 91.503, 124.968, 130.884, 130.884, 130.884, 130.884, 5.307, 4.556, 4.039, 4.039, 4.039, 4.556, 4.039, 4.039, 4.039, 4.039, 0, 0, 0, 0, 0, 302.675, 180.664, 284.854, -99, -99, 9.176, 349.156, -99, -99, -99, -99, -99, -99, -99, -99, 10, 2, 2, 3, 0]
[135.894, 185.957, 221.755, 222.886, 228.407, 1.741, 318.441, 318.441, 318.441, 318.441, 0, 0, 0, 0, 0, 152.42, 174.832, 199.941, 293.206, 304.284, 165.549, 168.173, 168.173, 168.173, 168.173, 5.307, 4.556, 4.039, 4.039, 4.039, 4.556, 4.039, 4.039, 4.039, 4.039, 0, 0, 0, 0, 0, 259.122, 185.957, 265.995, -99, -99, 1.741, 318.441, -99, -99, -99, -99, -99, -99, -99, -99, 10, 2, 2, 3, 0]
[129.234, 178.848, 203.944, 210.193, 214.828, 21.415, 338.679, 338.679, 338.679, 338.679, 0, 0, 0, 0, 0, 11.798, 11.957, 16.765, 113.206, 140.548, 153.358, 155.839, 155.839, 155.839, 155.839, 5.307, 4.556, 4.039, 4.039, 4.039, 4.556, 4.039, 4.039, 4.039, 4.039, 0, 0, 0, 0, 0, 244.067, 178.848, 261.198, -99, -99, 21.415, 338.679, -99, -99, -99, -99, -99, -99, -99, -99, 10, 2, 2, 3, 0]
[156.346, 182.986, 200.233, 205.761, 206.133, 45.0, 225.829, 225.829, 225.829, 225.829, 0, 0, 0, 0, 0, 164.505, 174.689, 174.759, 185.712, 196.765, 169.79, 171.135, 171.135, 171.135, 171.135, 5.307, 4.556, 4.039, 4.039, 4.039, 4.556, 4.039, 4.039, 4.039, 4.039, 0, 0, 0, 0, 0, 219.409, 182.986, 243.161, -99, -99, 45.0, 225.829, -99, -99, -99, -99, -99, -99, -99, -99, 10, 2, 2, 3, 0]
[35.531, 200.735, 246.397, 255.717, 284.307, 0, 0, 0, 0, 0, 329.945, 350.449, 350.449, 350.449, 350.449, 176.735, 176.735, 176.735, 176.735, 176.735, 298.651, 302.492, 323.888, 325.727, 326.065, 5.307, 4.556, 4.039, 4.039, 4.039, 0, 0, 0, 0, 0, 4.556, 4.039, 4.039, 4.039, 4.039, 297.752, 200.735, 286.316, -99, -99, -99, -99, -99, -99, -99, 350.449, 329.945, -99, -99, -99, 2, 10, 0, 3, 2]
[27.594, 202.158, 248.927, 259.445, 288.199, 0, 0, 0, 0, 0, 331.444, 350.758, 350.758, 350.758, 350.758, 356.735, 356.735, 356.735, 356.735, 356.735, 307.398, 322.383, 325.738, 327.517, 328.599, 5.307, 4.556, 4.039, 4.039, 4.039, 0, 0, 0, 0, 0, 4.556, 4.039, 4.039, 4.039, 4.039, 300.911, 202.158, 288.351, -99, -99, -99, -99, -99, -99, -99, 350.758, 331.444, -99, -99, -99, 2, 10, 0, 3, 2]
[59.068, 195.471, 242.583, 250.826, 281.864, 332.889, 354.326, 354.326, 354.326, 354.326, 0, 0, 0, 0, 0, 104.79, 296.741, 326.293, 328.384, 330.213, 122.492, 142.383, 142.383, 142.383, 142.383, 5.307, 4.556, 4.039, 4.039, 4.039, 4.556, 4.039, 4.039, 4.039, 4.039, 0, 0, 0, 0, 0, 297.164, 195.471, 285.24, -99, -99, 354.326, 332.889, -99, -99, -99, -99, -99, -99, -99, -99, 10, 2, 2, 3, 0]
[84.483, 185.366, 234.375, 239.399, 276.383, 4.052, 342.054, 342.054, 342.054, 342.054, 0, 0, 0, 0, 0, 2.671, 13.967, 113.915, 116.741, 334.419, 118.651, 127.398, 127.398, 127.398, 127.398, 5.307, 4.556, 4.039, 4.039, 4.039, 4.556, 4.039, 4.039, 4.039, 4.039, 0, 0, 0, 0, 0, 297.305, 185.366, 283.454, -99, -99, 4.052, 342.054, -99, -99, -99, -99, -99, -99, -99, -99, 10, 2, 2, 3, 0]
[129.445, 187.222, 226.079, 226.27, 238.629, 323.269, 359.69, 359.69, 359.69, 359.69, 0, 0, 0, 0, 0, 157.915, 165.007, 193.967, 297.541, 311.319, 156.972, 159.134, 159.134, 159.134, 159.134, 5.307, 4.556, 4.039, 4.039, 4.039, 4.556, 4.039, 4.039, 4.039, 4.039, 0, 0, 0, 0, 0, 267.804, 187.222, 269.938, -99, -99, 359.69, 323.269, -99, -99, -99, -99, -99, -99, -99, -99, 10, 2, 2, 3, 0]
[125.683, 180.381, 214.331, 215.0, 218.31, 15.156, 337.163, 337.163, 337.163, 337.163, 0, 0, 0, 0, 0, 6.211, 6.227, 16.336, 117.541, 145.946, 146.065, 148.599, 148.599, 148.599, 148.599, 5.307, 4.556, 4.039, 4.039, 4.039, 4.556, 4.039, 4.039, 4.039, 4.039, 0, 0, 0, 0, 0, 255.777, 180.381, 265.547, -99, -99, 15.156, 337.163, -99, -99, -99, -99, -99, -99, -99, -99, 10, 2, 2, 3, 0]
[156.383, 184.206, 204.506, 208.674, 212.174, 11.553, 242.469, 242.469, 242.469, 242.469, 0, 0, 0, 0, 0, 168.15, 171.524, 176.325, 182.671, 196.336, 167.27, 167.797, 167.797, 167.797, 167.797, 5.307, 4.556, 4.039, 4.039, 4.039, 4.556, 4.039, 4.039, 4.039, 4.039, 0, 0, 0, 0, 0, 225.261, 184.206, 246.94, -99, -99, 11.553, 242.469, -99, -99, -99, -99, -99, -99, -99, -99, 10, 2, 2, 3, 0]
[35.201, 201.969, 244.454, 252.302, 278.601, 0, 0, 0, 0, 0, 324.843, 347.005, 347.005, 347.005, 347.005, 200.674, 200.674, 200.674, 200.674, 200.674, 244.635, 289.243, 294.044, 316.215, 318.497, 5.307, 4.556, 4.039, 4.039, 4.039, 0, 0, 0, 0, 0, 4.556, 4.039, 4.039, 4.039, 4.039, 292.056, 201.969, 283.217, -99, -99, -99, -99, -99, -99, -99, 347.005, 324.843, -99, -99, -99, 2, 10, 0, 3, 2]
[27.594, 202.158, 248.927, 259.445, 288.199, 0, 0, 0, 0, 0, 331.444, 350.758, 350.758, 350.758, 350.758, 20.674, 20.674, 20.674, 20.674, 20.674, 320.687, 325.738, 327.517, 328.691, 338.955, 5.307, 4.556, 4.039, 4.039, 4.039, 0, 0, 0, 0, 0, 4.556, 4.039, 4.039, 4.039, 4.039, 300.911, 202.158, 288.351, -99, -99, -99, -99, -99, -99, -99, 350.758, 331.444, -99, -99, -99, 2, 10, 0, 3, 2]
[59.107, 198.688, 242.336, 249.676, 277.365, 326.974, 349.807, 349.807, 349.807, 349.807, 0, 0, 0, 0, 0, 196.544, 287.459, 319.229, 320.253, 322.184, 114.044, 177.012, 177.012, 177.012, 177.012, 5.307, 4.556, 4.039, 4.039, 4.039, 4.556, 4.039, 4.039, 4.039, 4.039, 0, 0, 0, 0, 0, 291.905, 198.688, 282.765, -99, -99, 349.807, 326.974, -99, -99, -99, -99, -99, -99, -99, -99, 10, 2, 2, 3, 0]
[84.63, 189.909, 236.519, 242.112, 274.581, 335.293, 358.785, 358.785, 358.785, 358.785, 0, 0, 0, 0, 0, 4.036, 107.459, 128.124, 327.631, 330.136, 109.243, 140.687, 140.687, 140.687, 140.687, 5.307, 4.556, 4.039, 4.039, 4.039, 4.556, 4.039, 4.039, 4.039, 4.039, 0, 0, 0, 0, 0, 293.041, 189.909, 282.168, -99, -99, 358.785, 335.293, -99, -99, -99, -99, -99, -99, -99, -99, 10, 2, 2, 3, 0]
[121.419, 189.02, 229.653, 231.45, 250.18, 325.823, 357.426, 357.426, 357.426, 357.426, 0, 0, 0, 0, 0, 149.28, 157.359, 184.036, 302.481, 315.668, 143.186, 158.955, 158.955, 158.955, 158.955, 5.307, 4.556, 4.039, 4.039, 4.039, 4.556, 4.039, 4.039, 4.039, 4.039, 0, 0, 0, 0, 0, 275.637, 189.02, 273.605, -99, -99, 357.426, 325.823, -99, -99, -99, -99, -99, -99, -99, -99, 10, 2, 2, 3, 0]
[121.79, 182.366, 220.456, 222.109, 227.529, 9.603, 335.234, 335.234, 335.234, 335.234, 0, 0, 0, 0, 0, 1.207, 1.342, 15.209, 122.481, 139.229, 136.215, 148.691, 148.691, 148.691, 148.691, 5.307, 4.556, 4.039, 4.039, 4.039, 4.556, 4.039, 4.039, 4.039, 4.039, 0, 0, 0, 0, 0, 266.093, 182.366, 269.452, -99, -99, 9.603, 335.234, -99, -99, -99, -99, -99, -99, -99, -99, 10, 2, 2, 3, 0]
[156.427, 185.531, 209.426, 211.831, 215.122, 259.709, 358.497, 358.497, 358.497, 358.497, 0, 0, 0, 0, 0, 167.313, 169.411, 176.962, 178.876, 195.209, 163.868, 168.896, 168.896, 168.896, 168.896, 5.307, 4.556, 4.039, 4.039, 4.039, 4.556, 4.039, 4.039, 4.039, 4.039, 0, 0, 0, 0, 0, 231.601, 185.531, 250.711, -99, -99, 358.497, 259.709, -99, -99, -99, -99, -99, -99, -99, -99, 10, 2, 2, 3, 0]
[27.594, 202.158, 248.927, 259.445, 288.199, 0, 0, 0, 0, 0, 331.444, 350.758, 350.758, 350.758, 350.758, 0, 0, 0, 0, 0, 4.295, 11.058, 325.738, 327.517, 330.963, 5.307, 4.556, 4.039, 4.039, 4.039, 0, 0, 0, 0, 0, 4.556, 4.039, 4.039, 4.039, 4.039, 300.911, 202.158, 288.351, -99, -99, -99, -99, -99, -99, -99, 350.758, 331.444, -99, -99, -99, 1, 10, 0, 3, 2]
9, -99, 10, 1, 2, 3, 0]
[59.161, 200.355, 242.209, 249.113, 275.137, 323.605, 347.094, 347.094, 347.094, 347.094, 0, 0, 0, 0, 0, 200.892, 285.513, 312.255, 316.879, 317.56, 191.058, 191.058, 191.058, 191.058, 191.058, 5.307, 4.556, 4.039, 4.039, 4.039, 4.556, 4.039, 4.039, 4.039, 4.039, 0, 0, 0, 0, 0, 289.19, 200.355, 281.444, -99, -99, 347.094, 323.605, -99, -99, -99, -99, -99, -99, -99, -99, 10, 1, 2, 3, 0]
[84.468, 194.282, 238.457, 244.404, 273.359, 329.079, 353.438, 353.438, 353.438, 353.438, 0, 0, 0, 0, 0, 105.513, 139.513, 321.617, 323.765, 323.823, 159.494, 159.494, 159.494, 159.494, 159.494, 5.307, 4.556, 4.039, 4.039, 4.039, 4.556, 4.039, 4.039, 4.039, 4.039, 0, 0, 0, 0, 0, 289.787, 194.282, 281.098, -99, -99, 353.438, 329.079, -99, -99, -99, -99, -99, -99, -99, -99, 10, 1, 2, 3, 0]
[113.693, 191.987, 233.563, 237.096, 260.607, 325.445, 353.966, 353.966, 353.966, 353.966, 0, 0, 0, 0, 0, 137.56, 153.625, 169.737, 305.966, 316.667, 163.008, 163.008, 163.008, 163.008, 163.008, 5.307, 4.556, 4.039, 4.039, 4.039, 4.556, 4.039, 4.039, 4.039, 4.039, 0, 0, 0, 0, 0, 281.12, 191.987, 276.438, -99, -99, 353.966, 325.445, -99, -99, -99, -99, -99, -99, -99, -99, 10, 1, 2, 3, 0]
[118.751, 185.172, 226.144, 226.384, 241.432, 3.977, 331.912, 331.912, 331.912, 331.912, 0, 0, 0, 0, 0, 12.51, 125.966, 132.255, 142.342, 143.765, 150.963, 150.963, 150.963, 150.963, 150.963, 5.307, 4.556, 4.039, 4.039, 4.039, 4.556, 4.039, 4.039, 4.039, 4.039, 0, 0, 0, 0, 0, 273.405, 185.172, 272.484, -99, -99, 3.977, 331.912, -99, -99, -99, -99, -99, -99, -99, -99, 10, 1, 2, 3, 0]
[156.484, 186.974, 215.062, 215.244, 217.798, 274.792, 352.254, 352.254, 352.254, 352.254, 0, 0, 0, 0, 0, 164.763, 168.175, 174.017, 174.996, 192.51, 170.215, 170.215, 170.215, 170.215, 170.215, 5.307, 4.556, 4.039, 4.039, 4.039, 4.556, 4.039, 4.039, 4.039, 4.039, 0, 0, 0, 0, 0, 238.321, 186.974, 254.441, -99, -99, 352.254, 274.792, -99, -99, -99, -99, -99, -99, -99, -99, 10, 1, 2, 3, 0]
[27.594, 202.158, 248.927, 259.445, 288.199, 0, 0, 0, 0, 0, 331.444, 350.758, 350.758, 350.758, 350.758, 0, 0, 0, 0, 0, 325.738, 327.517, 329.188, 330.955, 339.81, 5.307, 4.556, 4.039, 4.039, 4.039, 0, 0, 0, 0, 0, 4.556, 4.039, 4.039, 4.039, 4.039, 300.911, 202.158, 288.351, -99, -99, -99, -99, -99, -99, -99, 350.758, 331.444, -99, -99, -99, 1, 10, 0, 3, 2]
[133.445, 175.929, 189.038, 194.434, 201.71, 0.0, 38.799, 38.799, 38.799, 38.799, 0, 0, 0, 0, 0, 29.329, 30.234, 95.023, 137.869, 146.152, 149.188, 149.188, 149.188, 149.188, 149.188, 5.307, 4.556, 4.039, 4.039, 4.039, 4.556, 4.039, 4.039, 4.039, 4.039, 0, 0, 0, 0, 0, 221.203, 175.929, 252.132, -99, -99, 38.799, 0.0, -99, -99, -99, -99, -99, -99, -99, -99, 10, 1, 2, 3, 0]
[46.426, 199.369, 244.241, 252.574, 281.009, 328.872, 350.463, 350.463, 350.463, 350.463, 0, 0, 0, 0, 0, 303.914, 322.481, 323.268, 324.382, 326.152, 173.717, 173.717, 173.717, 173.717, 173.717, 5.307, 4.556, 4.039, 4.039, 4.039, 4.556, 4.039, 4.039, 4.039, 4.039, 0, 0, 0, 0, 0, 295.111, 199.369, 284.636, -99, -99, 350.463, 328.872, -99, -99, -99, -99, -99, -99, -99, -99, 10, 1, 2, 3, 0]
[58.855, 197.072, 242.498, 250.305, 279.684, 330.099, 352.214, 352.214, 352.214, 352.214, 0, 0, 0, 0, 0, 9.726, 123.914, 323.431, 325.45, 326.371, 159.81, 159.81, 159.81, 159.81, 159.81, 5.307, 4.556, 4.039, 4.039, 4.039, 4.556, 4.039, 4.039, 4.039, 4.039, 0, 0, 0, 0, 0, 294.631, 197.072, 284.067, -99, -99, 352.214, 330.099, -99, -99, -99, -99, -99, -99, -99, -99, 10, 1, 2, 3, 0]
[113.517, 196.073, 236.853, 241.569, 265.751, 321.854, 348.954, 348.954, 348.954, 348.954, 0, 0, 0, 0, 0, 177.528, 189.726, 288.408, 313.991, 316.029, 176.152, 176.152, 176.152, 176.152, 176.152, 5.307, 4.556, 4.039, 4.039, 4.039, 4.556, 4.039, 4.039, 4.039, 4.039, 0, 0, 0, 0, 0, 282.592, 196.073, 277.497, -99, -99, 348.954, 321.854, -99, -99, -99, -99, -99, -99, -99, -99, 10, 1, 2, 3, 0]
[110.726, 187.476, 230.116, 232.271, 254.924, 0.535, 331.776, 331.776, 331.776, 331.776, 0, 0, 0, 0, 0, 11.695, 108.408, 143.268, 146.371, 322.056, 150.955, 150.955, 150.955, 150.955, 150.955, 5.307, 4.556, 4.039, 4.039, 4.039, 4.556, 4.039, 4.039, 4.039, 4.039, 0, 0, 0, 0, 0, 280.753, 187.476, 275.909, -99, -99, 0.535, 331.776, -99, -99, -99, -99, -99, -99, -99, -99, 10, 1, 2, 3, 0]
[156.558, 188.548, 218.917, 220.614, 221.449, 286.538, 348.678, 348.678, 348.678, 348.678, 0, 0, 0, 0, 0, 169.182, 171.527, 174.416, 191.695, 274.737, 171.828, 171.828, 171.828, 171.828, 171.828, 5.307, 4.556, 4.039, 4.039, 4.039, 4.556, 4.039, 4.039, 4.039, 4.039, 0, 0, 0, 0, 0, 245.26, 188.548, 258.101, -99, -99, 348.678, 286.538, -99, -99, -99, -99, -99, -99, -99, -99, 10, 1, 2, 3, 0]
